fire_size
2
1
1
1
1
1
1
1
1
1
1
1
1
1
2
2
6
1
1
2
1
1
2
1
1
3
1
2
3
1
12
1
1
1
2
1
1
1
1
5
1
1
1
5
6
1
1
1
3
1
1
1
1
1
1
1
1
1
4
1
2
1
1
3
1
6
2
2
1
2
2
1
3
1
2
1
1
1
1
2
1
1
1
2
1
1
1
3
1
2
2
1
2
3
1
3
1
1
1
1
1
2
1
1
1
1
1
1
3
3
1
1
1
1
1
1
3
1
1
1
1
1
1
2
1
4
1
1
1
1
1
2
3
2
1
1
2
2
1
2
4
4
5
1
2
1
1
5
1
1
3
3
2
2
4
1
1
1
1
3
4
1
5
3
1
1
1
1
2
1
7
5
2
1
2
1
5
3
4
3
1
2
3
5
2
1
8
4
2
1
3
1
1
6
1
1
1
2
1
2
4
3
3
1
1
2
1
1
2
1
1
6
7
1
1
2
2
3
1
1
1
1
1
6
3
1
2
1
1
11
3
3
1
1
1
1
3
3
1
2
1
5
9
4
4
1
9
1
2
1
3
1
2
4
1
4
1
2
1
2
3
2
2
2
5
4
1
2
3
6
1
1
1
1
1
9
4
12
2
4
11
1
1
7
2
2
1
2
2
1
1
14
4
2
2
1
1
1
15
1
2
3
1
4
1
1
1
13
1
3
2
2
1
1
5
2
2
2
1
4
5
2
2
3
1
2
1
5
10
4
2
1
1
1
1
1
1
1
1
1
3
2
1
1
2
3
6
2
2
2
3
3
1
1
4
6
9
9
1
1
5
1
4
2
3
1
1
1
6
1
3
1
12
1
4
5
1
1
10
2
1
4
2
2
5
2
1
15
1
3
2
6
1
1
3
1
2
7
4
8
1
1
1
1
1
2
1
3
2
1
1
2
2
2
4
2
7
24
1
3
1
1
1
2
1
4
3
1
4
11
7
4
2
1
4
4
3
4
4
2
6
5
5
1
8
2
1
1
1
1
1
2
6
2
27
1
2
1
1
1
9
1
2
9
1
9
4
7
2
1
1
1
3
10
4
10
1
2
3
3
3
3
5
9
4
8
1
5
6
12
6
1
1
2
1
17
3
1
1
2
13
2
2
2
1
3
1
1
6
2
9
5
1
6
1
1
1
6
1
1
1
2
7
4
1
5
3
1
2
2
3
8
1
4
4
7
8
1
13
2
9
1
3
2
32
10
12
1
3
7
6
4
1
13
5
1
1
3
4
12
1
4
2
3
6
2
4
2
3
11
2
2
4
3
1
12
3
4
6
21
1
4
8
5
3
3
1
3
4
1
1
1
4
2
6
2
3
3
1
2
4
10
1
1
9
5
3
1
2
1
2
1
2
1
1
4
3
2
3
5
1
1
1
2
5
4
1
4
1
1
2
7
2
14
1
5
1
5
2
1
10
5
1
5
4
1
2
2
4
2
10
1
1
2
7
1
1
1
1
9
2
2
5
1
1
5
2
1
1
3
1
6
6
2
4
12
1
2
1
1
7
8
2
1
16
1
3
3
2
1
2
8
1
4
3
2
3
1
4
1
4
14
1
1
1
5
9
1
1
1
2
1
5
8
3
1
6
7
24
10
1
2
2
10
3
2
2
3
1
3
1
3
3
2
1
1
9
1
2
1
3
1
3
10
1
2
1
2
1
2
1
1
2
18
1
8
1
2
6
2
2
12
2
39
1
4
9
4
6
1
2
3
1
20
8
4
1
8
1
1
12
2
3
3
2
1
4
4
7
1
5
2
2
10
3
1
1
4
2
6
1
1
9
9
4
2
25
1
2
1
1
7
3
2
2
16
7
3
6
5
2
1
3
3
1
3
3
3
19
9
13
2
1
2
6
1
1
16
1
11
14
2
4
17
1
8
1
8
1
1
2
9
3
3
9
3
4
15
6
2
2
4
3
4
3
1
2
1
9
11
1
6
2
7
1
1
1
4
3
6
3
1
3
3
1
1
4
10
2
1
1
1
3
1
18
6
1
3
4
9
2
2
3
1
1
1
1
5
2
3
4
8
2
4
7
3
2
1
1
1
5
2
1
5
2
7
1
1
4
2
7
5
7
1
35
1
6
3
20
3
3
5
5
2
1
1
1
2
3
3
3
1
5
3
6
2
6
5
5
5
18
2
3
3
2
1
4
12
15
1
2
2
1
28
7
1
17
10
1
1
2
8
2
3
20
1
4
5
3
4
1
11
5
2
2
16
9
1
4
1
2
1
3
12
4
1
4
1
13
11
13
6
1
3
2
1
8
5
1
3
2
1
1
2
2
2
5
2
7
2
7
3
3
1
3
9
5
1
3
1
2
15
1
4
7
14
3
2
16
1
8
1
1
17
7
1
7
4
4
17
4
1
1
6
2
1
1
1
7
3
1
1
7
1
1
1
1
3
10
9
1
2
7
3
1
4
1
6
3
1
1
4
1
3
8
1
24
17
3
2
13
1
2
1
2
1
3
35
1
3
1
1
1
9
3
1
25
11
2
6
3
5
1
8
10
1
8
2
1
11
6
8
3
1
2
10
8
9
1
9
1
7
1
6
1
9
2
6
1
1
1
3
5
6
1
1
1
18
2
1
1
1
2
2
20
2
2
1
1
9
3
8
1
1
7
1
4
1
1
1
2
3
4
1
15
4
1
5
2
2
1
4
32
1
18
8
1
15
11
4
2
1
9
1
1
7
2
13
1
1
1
1
4
2
5
1
8
6
1
5
9
13
1
1
4
1
9
29
2
11
1
8
1
1
3
3
6
5
1
2
1
3
8
7
1
2
1
1
1
2
1
11
11
18
1
23
2
8
4
4
1
1
6
1
6
1
1
1
4
2
2
14
4
1
19
2
1
4
6
1
1
1
6
4
3
7
3
7
1
1
1
10
1
7
4
12
2
1
7
1
2
12
12
7
5
1
1
1
2
3
2
3
1
15
1
1
1
3
1
1
4
1
21
7
12
6
1
1
10
6
8
7
5
8
1
12
7
4
2
7
1
2
2
33
1
2
6
50
2
6
3
35
1
1
2
20
6
1
1
1
5
3
1
5
4
3
3
1
26
1
10
4
1
7
6
12
1
6
4
1
4
1
1
2
3
4
1
1
5
7
2
1
2
2
2
2
11
1
1
3
14
1
2
6
7
6
9
2
9
6
1
2
1
1
1
10
14
1
20
6
1
1
2
2
7
5
3
16
2
6
9
9
1
1
4
6
11
1
7
9
3
1
1
6
1
2
1
10
1
14
1
1
1
1
1
9
3
3
6
10
2
3
3
1
3
4
5
8
6
2
1
2
16
4
12
4
10
4
3
2
2
8
5
3
1
1
1
1
26
3
2
3
14
36
2
8
4
1
2
5
5
2
26
3
1
1
14
8
2
1
6
5
5
11
1
5
1
3
15
1
13
1
3
1
4
17
1
5
5
4
1
2
1
1
1
2
7
6
22
6
12
3
9
13
4
4
7
7
1
1
2
12
2
13
3
3
13
5
2
3
7
3
2
46
22
2
4
1
5
8
1
3
9
15
1
9
1
2
3
9
5
1
3
1
7
4
16
19
1
3
1
2
19
2
2
1
3
1
1
2
1
18
26
12
1
3
8
5
6
4
2
2
5
2
1
1
1
5
4
8
3
10
2
11
1
1
1
3
7
9
1
2
1
1
15
3
10
1
2
4
1
2
4
2
1
37
1
1
3
6
1
1
11
1
1
2
4
1
1
9
5
3
8
2
2
2
24
5
1
2
4
2
4
8
1
12
3
1
3
6
4
1
3
2
1
1
2
7
1
15
10
1
8
3
25
5
7
2
5
6
1
9
26
4
1
12
4
4
1
7
1
8
16
1
1
1
1
10
2
2
6
9
2
8
1
1
2
1
11
3
1
7
3
26
1
3
1
21
9
3
6
48
24
1
3
1
2
1
11
4
1
2
2
1
2
1
10
2
1
8
2
1
1
2
1
1
3
3
2
15
8
2
2
5
1
14
1
3
1
8
6
1
1
9
2
1
5
12
5
2
1
1
13
6
2
1
1
1
6
2
2
5
2
5
1
1
11
7
9
44
7
2
3
3
3
16
5
4
4
9
1
2
2
1
7
2
10
3
6
1
3
3
1
6
1
1
2
5
4
16
3
1
4
2
26
12
2
3
10
4
11
1
2
4
7
1
26
14
20
5
2
27
6
3
1
2
3
1
24
3
3
9
11
1
16
1
41
5
3
1
4
3
1
1
3
1
6
1
1
2
2
2
2
3
3
9
3
11
5
7
4
2
2
3
8
7
3
1
7
1
3
15
16
1
8
1
3
1
7
1
5
5
6
2
3
32
5
13
7
1
1
5
1
19
1
1
8
5
1
5
1
5
1
6
2
3
2
1
1
2
1
11
1
2
6
5
4
3
4
1
1
1
6
7
3
2
2
7
1
6
1
6
1
4
10
2
2
11
36
8
4
1
1
7
23
7
4
5
5
5
2
6
13
12
7
16
1
4
15
9
3
9
3
6
1
12
2
3
4
17
3
9
3
4
1
3
4
1
6
9
6
17
2
2
5
9
22
6
1
1
1
1
1
1
32
13
15
9
3
5
17
11
6
34
1
1
1
2
2
1
3
4
9
1
11
2
5
21
4
4
10
4
7
7
1
21
2
2
4
1
1
1
1
8
5
3
5
13
2
2
10
2
7
1
1
1
1
1
3
17
21
1
1
2
23
2
1
6
6
3
3
1
3
1
2
5
4
1
5
12
2
10
1
1
4
9
3
1
5
2
4
2
1
1
29
1
1
8
46
1
1
1
2
5
2
2
3
2
3
1
13
1
16
6
3
12
2
1
2
3
1
7
6
8
2
10
2
5
9
10
41
2
20
10
4
6
13
1
31
10
26
9
6
2
12
2
7
2
3
1
1
1
1
6
5
1
8
2
3
32
16
1
3
9
1
15
9
7
1
14
1
21
8
28
4
2
23
28
1
15
5
1
1
2
2
5
3
18
3
2
25
2
2
12
1
15
5
17
4
1
9
2
8
1
7
3
1
24
8
1
1
11
1
2
6
10
1
9
1
3
2
5
1
16
1
7
23
1
7
3
1
4
9
1
1
1
2
1
4
1
2
22
1
1
6
2
25
6
1
5
7
15
5
1
2
6
1
4
3
10
3
7
3
1
7
1
2
2
3
1
17
1
11
29
1
2
3
13
3
1
1
2
9
4
1
1
1
2
1
1
7
9
1
3
24
1
1
6
1
4
6
32
7
8
1
5
1
8
8
1
10
2
16
6
2
1
2
1
6
4
12
29
9
5
7
11
5
1
3
1
4
4
20
5
2
2
4
4
3
4
48
2
1
4
1
1
1
7
3
1
2
7
1
15
1
9
7
63
2
6
3
1
1
1
1
12
1
6
1
5
13
3
2
5
5
2
6
2
4
3
15
2
2
1
8
5
3
2
2
1
6
4
2
2
7
1
13
14
2
2
16
15
2
1
1
2
1
2
5
3
2
4
10
1
9
10
1
2
6
1
14
7
1
1
11
1
10
14
13
22
2
1
9
2
14
10
9
14
2
8
1
1
3
18
17
1
28
5
4
14
1
5
2
1
6
18
2
5
20
7
1
2
27
4
2
10
2
19
1
2
2
4
3
19
3
17
3
36
1
8
1
6
16
4
15
11
26
1
1
3
16
4
3
24
1
36
1
4
2
9
2
2
3
14
6
1
3
10
7
3
2
2
1
1
1
2
4
2
3
8
1
1
28
1
35
13
7
13
2
4
3
1
8
3
15
7
12
1
1
1
2
10
9
1
3
3
3
11
1
1
8
3
2
9
3
10
2
1
1
15
1
1
2
5
1
5
6
3
2
3
4
8
2
3
2
2
2
1
1
3
4
5
1
2
1
1
3
2
3
5
12
12
5
7
14
5
29
8
7
11
2
13
2
3
4
13
2
1
3
1
8
10
1
2
1
12
23
6
14
3
1
22
27
2
1
9
8
6
1
9
4
10
4
2
23
1
11
3
13
7
2
8
13
26
2
24
5
1
17
1
4
4
3
1
9
4
1
6
1
47
2
1
11
4
23
1
1
4
2
4
6
1
2
9
8
6
4
3
7
21
1
2
10
3
1
16
4
13
18
8
2
2
2
22
1
13
5
4
1
1
1
1
11
23
1
21
1
9
1
4
1
1
1
4
2
3
6
1
3
4
2
7
1
2
3
2
1
6
3
5
7
3
1
2
5
8
4
1
4
9
6
17
11
7
20
1
7
13
24
10
2
4
2
5
2
1
1
6
1
29
1
1
6
2
2
5
10
5
10
35
1
7
1
18
26
8
17
1
6
2
6
2
7
4
4
5
4
28
1
1
4
1
6
9
2
3
5
3
2
6
1
1
20
10
23
1
1
5
1
5
2
9
10
15
6
2
10
5
17
1
3
3
7
1
1
1
1
4
2
1
2
5
2
17
5
1
2
2
10
5
3
2
6
1
1
6
9
6
1
2
14
5
4
1
35
5
1
2
4
8
1
7
1
2
5
11
9
12
11
1
1
1
9
5
1
15
3
1
10
2
2
1
1
1
4
2
10
24
4
6
27
1
1
2
4
18
1
2
6
16
1
6
2
1
1
14
10
20
2
4
2
20
12
1
1
12
4
2
7
12
2
1
1
1
1
11
7
5
4
8
18
11
2
1
3
12
1
3
1
1
16
3
4
10
1
1
15
1
7
9
6
5
1
4
2
13
3
7
2
11
23
1
1
1
2
4
4
1
13
8
21
21
1
11
1
4
1
1
3
9
15
3
1
1
2
27
2
2
3
1
1
2
12
4
13
7
2
17
10
5
5
5
3
2
18
17
1
5
4
7
1
3
6
30
7
2
21
8
2
10
2
14
1
2
1
3
2
7
10
27
5
2
3
5
1
1
4
1
25
10
4
1
1
2
4
1
1
2
8
22
4
1
1
2
21
1
1
4
1
4
1
2
5
2
31
8
1
9
6
4
1
1
4
19
33
1
22
2
1
15
1
1
8
3
1
20
1
3
17
1
1
11
1
20
6
10
1
1
3
1
8
9
6
3
5
3
2
1
1
8
9
2
1
3
18
9
1
1
1
7
3
2
2
2
13
9
2
1
8
26
8
1
1
1
2
2
4
3
7
2
2
1
1
5
3
2
3
3
1
2
1
26
1
2
5
18
1
15
3
9
5
16
9
4
1
8
5
1
4
2
17
1
1
1
11
2
4
43
10
2
1
3
4
2
9
6
8
1
1
3
1
1
11
30
2
2
1
1
3
1
7
1
4
3
1
3
2
1
15
1
2
6
4
5
10
2
10
1
3
7
1
1
1
1
1
3
1
9
20
1
5
4
1
10
2
4
5
14
4
8
10
4
13
6
5
19
10
15
5
5
1
1
1
2
2
29
4
13
33
2
1
8
5
5
8
16
12
2
8
1
6
8
1
1
9
1
6
6
1
20
3
1
4
4
10
10
8
2
1
8
1
1
1
18
10
2
4
2
1
2
1
4
20
17
7
3
1
4
1
1
31
1
1
2
4
1
5
8
4
6
6
22
3
10
1
46
3
1
3
2
7
3
1
15
1
2
6
2
15
3
19
3
5
12
14
2
1
4
2
9
1
2
11
2
1
1
10
6
3
6
1
8
5
2
20
1
4
1
19
9
1
2
6
4
1
2
1
16
1
22
15
3
4
1
10
3
1
1
1
1
2
18
4
15
25
2
1
5
7
5
6
5
3
2
1
3
17
1
1
4
1
1
17
5
17
2
5
22
7
5
16
7
8
1
4
4
16
3
2
9
1
1
1
19
8
2
13
3
1
5
4
3
1
19
1
1
2
2
10
1
5
2
1
3
6
1
12
1
4
2
1
8
1
8
6
7
1
5
1
4
3
8
4
1
8
4
16
1
1
2
5
4
2
3
25
4
1
26
11
1
1
2
2
8
1
3
14
2
7
3
8
5
13
1
1
1
4
1
1
10
2
1
11
9
2
1
1
2
1
2
14
2
17
2
2
2
15
9
1
4
10
1
13
14
4
6
2
4
1
2
6
5
1
18
2
1
3
21
1
14
1
2
2
1
39
3
10
8
2
1
9
2
17
5
5
3
1
3
1
10
8
7
8
2
2
5
3
6
4
1
4
7
8
1
2
1
4
8
1
9
2
5
3
4
1
1
2
1
4
2
9
2
10
11
3
2
15
2
10
1
3
3
5
1
3
6
6
20
3
1
4
14
2
11
3
9
2
7
1
8
8
2
7
1
2
14
1
1
3
5
1
2
1
7
10
5
10
9
9
1
4
1
1
22
3
18
1
14
17
1
16
2
7
6
1
11
1
16
4
1
2
6
1
11
4
4
1
8
8
3
4
7
4
10
11
1
6
1
1
4
2
8
1
9
14
1
8
3
29
3
7
12
10
12
10
24
3
2
4
16
2
8
13
4
8
20
15
2
3
1
1
1
1
15
5
2
29
3
1
3
8
8
27
11
3
5
24
3
2
1
1
6
2
12
26
5
4
1
2
2
3
5
7
5
3
4
7
1
5
14
3
4
2
11
12
1
1
3
19
13
5
1
2
7
6
4
3
2
8
1
2
1
39
3
3
25
5
3
1
2
9
3
7
5
22
21
1
2
5
15
1
5
4
12
7
1
15
9
1
4
4
13
11
8
13
1
5
5
5
7
3
2
9
12
3
2
4
3
3
9
2
52
9
19
1
21
14
5
1
6
2
1
5
15
6
2
13
1
4
5
3
2
8
19
1
2
6
14
6
7
3
2
1
1
1
13
2
1
3
1
6
1
3
1
1
4
1
1
3
1
3
3
5
1
2
4
14
3
7
1
22
1
5
10
9
6
1
12
1
9
2
1
26
1
8
13
12
13
4
4
1
1
12
3
1
4
3
1
11
9
1
6
11
3
2
15
6
5
7
1
1
2
1
1
17
6
4
1
4
1
6
1
5
3
2
22
2
1
10
16
7
4
1
40
4
3
1
4
1
13
5
9
6
4
1
1
5
1
2
1
3
2
1
12
2
1
2
1
2
1
2
3
29
1
1
3
1
2
4
4
19
1
11
3
14
14
8
7
1
2
1
7
18
1
1
21
1
3
1
1
1
13
18
4
11
2
15
5
3
5
3
11
9
2
14
3
6
2
4
1
6
1
2
38
2
5
2
1
9
3
23
10
8
3
12
1
1
10
1
1
1
2
8
20
1
40
2
2
4
1
2
25
1
3
2
3
23
5
2
17
8
1
3
1
5
2
1
9
10
1
6
3
7
22
4
5
1
8
4
1
7
6
2
4
15
31
1
2
7
4
9
20
6
1
3
10
5
1
1
2
1
32
8
10
1
2
1
7
1
1
2
6
2
2
1
2
1
3
10
1
5
39
5
1
6
7
2
12
1
8
1
1
5
5
3
2
1
14
2
1
5
8
11
9
8
10
10
5
1
1
17
7
6
7
16
13
1
1
12
5
2
2
3
4
21
2
2
3
1
6
8
2
7
15
1
1
4
2
17
5
1
8
5
8
2
1
1
21
3
2
1
3
5
1
1
7
1
9
3
8
1
5
2
4
1
3
3
3
5
22
2
2
1
10
1
1
1
1
1
7
6
5
2
6
12
3
3
1
3
2
4
2
3
2
2
1
1
13
6
18
1
2
7
6
1
20
6
1
1
1
6
18
8
25
1
2
2
1
16
2
8
1
13
6
4
1
2
4
1
4
12
4
1
4
7
2
10
12
14
17
1
2
6
7
11
5
2
2
1
18
1
2
5
6
4
6
4
1
2
7
26
1
2
1
1
2
8
2
10
8
5
5
1
4
4
6
4
1
7
1
63
5
1
6
2
1
1
5
2
10
24
1
1
1
5
13
1
1
2
1
3
2
2
5
1
5
9
1
2
1
5
1
5
6
2
19
1
1
8
34
20
1
13
4
4
2
8
1
7
9
2
18
37
6
5
2
2
8
2
1
15
9
3
4
3
3
10
8
4
8
3
1
3
9
8
2
1
1
1
2
3
34
1
2
5
3
4
1
1
1
6
4
2
6
1
8
2
15
1
1
1
3
23
19
2
23
2
5
2
1
5
1
1
4
1
1
1
5
1
1
1
1
3
5
2
6
18
7
16
32
4
1
3
12
1
1
4
1
2
21
1
1
1
12
1
1
2
3
2
1
7
2
1
1
1
7
1
5
6
8
6
6
1
1
14
14
27
12
45
10
1
3
3
2
5
1
6
8
1
1
1
31
8
4
1
4
2
8
21
6
4
9
4
3
5
12
3
4
5
9
4
5
3
1
15
1
2
10
18
2
1
2
1
23
4
16
2
4
7
15
1
5
2
6
6
2
4
2
3
1
2
21
7
2
2
2
2
3
9
4
6
18
7
2
13
3
19
18
14
23
9
2
13
22
8
1
1
19
2
1
2
10
13
14
2
4
3
33
1
4
3
1
19
3
20
8
21
2
2
10
2
2
1
29
1
25
14
4
1
10
3
3
8
2
1
1
4
14
4
4
10
1
3
32
2
1
1
1
2
1
1
12
2
1
1
3
14
8
12
4
1
4
25
1
9
7
2
1
26
1
1
2
10
1
36
2
16
14
8
3
5
5
5
1
3
2
1
4
1
1
8
8
2
12
3
8
6
4
2
1
1
22
2
5
3
5
1
17
4
6
1
5
4
18
4
1
2
1
2
17
4
1
1
1
5
7
1
3
5
37
8
7
11
3
31
2
1
3
7
9
10
2
5
3
1
2
19
1
8
6
1
1
5
1
12
3
1
1
1
2
1
1
7
23
22
10
1
6
1
7
1
3
9
2
1
4
10
8
3
10
1
3
1
3
2
2
1
5
2
8
3
15
3
1
12
5
12
7
16
13
1
32
1
12
1
4
2
1
27
13
3
2
7
2
8
7
42
2
1
13
1
12
4
9
3
1
45
15
1
5
4
8
5
12
4
1
5
2
1
5
12
6
1
5
1
10
1
1
2
2
1
1
8
3
4
7
11
5
9
3
8
10
11
10
6
1
5
3
1
3
1
15
1
1
1
2
4
5
2
3
5
1
1
2
9
2
9
7
4
12
10
1
3
1
1
3
4
1
1
6
10
5
5
2
3
27
4
4
6
2
1
1
22
6
2
1
4
1
1
1
7
1
2
2
20
16
1
1
6
13
7
3
1
13
2
3
14
4
5
2
4
10
1
1
4
6
1
1
14
1
2
1
6
4
12
1
5
2
1
7
1
1
2
15
4
1
1
4
5
1
7
39
9
3
2
1
18
2
1
10
14
11
29
15
1
1
12
3
1
10
4
4
2
2
4
4
12
12
18
8
1
13
17
5
6
6
4
2
8
1
4
11
32
8
10
2
7
39
1
21
3
11
20
10
3
2
3
15
20
1
1
6
7
1
19
1
28
1
2
3
2
8
1
1
2
1
10
10
1
3
1
4
5
17
4
6
2
8
1
21
1
2
6
2
3
3
7
4
13
1
3
5
5
2
7
2
1
10
29
1
1
8
1
5
8
3
2
9
25
2
1
3
19
3
6
4
3
1
5
4
3
1
1
4
1
3
1
4
1
1
4
16
6
1
1
1
1
1
8
32
1
5
16
3
1
1
1
14
2
2
1
1
2
1
2
6
3
2
1
8
4
7
1
3
27
15
1
2
7
38
15
14
1
2
2
13
5
4
4
8
1
1
1
3
1
2
10
1
8
10
2
1
1
2
3
20
4
4
3
4
2
21
2
1
1
10
5
1
3
1
1
12
15
1
1
1
3
1
15
34
28
5
5
17
5
11
4
3
2
6
1
4
3
1
5
2
3
1
5
9
9
4
1
28
19
2
12
4
2
37
24
16
2
10
8
3
15
1
17
2
1
1
12
7
11
13
3
5
4
4
44
2
1
4
1
5
3
3
5
2
6
15
2
4
7
1
6
11
1
2
17
6
6
4
9
12
2
1
1
1
7
1
26
1
1
3
2
4
2
2
2
25
2
12
1
3
2
7
2
2
9
3
2
1
18
13
1
2
1
1
31
2
2
4
1
1
7
11
5
3
1
1
1
3
2
1
7
5
18
5
8
7
6
6
7
1
1
5
10
8
2
8
13
2
2
8
3
2
9
1
3
1
9
3
10
17
1
2
2
20
2
1
1
1
4
2
56
3
2
3
21
1
2
2
6
2
2
4
58
11
1
3
4
6
9
17
6
4
1
4
3
2
2
4
32
3
19
13
4
1
5
1
1
1
6
1
4
4
13
3
17
1
14
16
8
1
5
9
2
4
2
3
1
3
1
9
4
2
1
4
11
1
3
4
1
2
1
2
1
12
9
2
1
2
1
16
2
22
8
9
9
1
1
6
10
6
1
3
3
6
4
4
28
6
12
6
6
16
2
12
7
10
6
7
9
1
2
4
1
1
20
1
10
1
1
18
2
3
3
3
1
1
2
1
7
8
7
1
14
21
10
1
2
1
2
1
7
4
1
12
7
24
7
58
11
2
13
6
1
3
2
3
2
2
2
6
3
3
4
1
2
14
14
15
4
3
3
1
2
9
43
7
5
1
1
4
14
1
4
14
8
2
1
4
8
2
20
1
1
1
1
3
10
4
1
2
7
1
8
2
1
8
7
12
12
1
2
5
1
6
6
6
1
10
2
1
15
17
9
3
4
4
10
1
2
6
9
3
4
4
1
9
9
20
10
2
1
1
2
1
2
1
10
8
9
7
3
5
2
3
1
5
3
11
1
1
4
5
1
1
1
6
10
16
1
29
3
3
1
3
1
2
1
27
2
3
5
2
16
2
2
1
1
2
4
1
5
7
12
8
29
2
3
8
15
7
8
3
1
6
1
3
1
2
1
19
3
1
14
1
2
3
4
5
11
14
2
1
2
2
1
13
3
2
6
2
5
9
15
10
2
13
20
5
1
33
9
9
9
5
1
1
1
5
26
25
3
2
1
1
3
51
11
4
2
1
1
14
5
12
5
1
1
22
2
26
16
20
20
8
3
2
1
3
2
1
11
3
1
4
2
2
2
7
1
13
5
1
5
2
3
22
15
7
1
22
4
20
1
24
9
1
1
13
20
22
7
5
2
1
3
4
4
4
2
1
3
2
2
17
10
3
1
13
1
14
5
4
4
7
7
1
2
1
15
5
6
6
2
3
1
6
2
4
3
1
18
2
1
10
4
8
1
20
13
6
10
3
1
4
1
2
6
9
6
18
2
11
2
1
17
3
8
1
1
4
1
9
3
2
14
6
3
12
5
3
1
1
3
1
2
14
8
2
1
3
1
1
2
3
14
1
1
2
7
36
2
4
2
39
1
9
7
4
1
1
3
1
1
7
4
3
1
14
7
1
3
8
3
4
1
5
1
1
2
1
4
8
2
9
1
15
1
4
1
10
1
1
2
1
2
1
1
1
16
3
2
21
2
6
6
2
2
5
15
2
1
3
1
2
1
5
1
2
23
2
8
8
1
6
10
1
2
1
1
9
8
16
3
5
10
5
23
7
3
2
11
1
15
4
2
2
6
24
2
7
8
4
5
1
7
2
2
8
36
2
5
2
16
2
3
3
26
1
4
3
29
4
2
8
9
19
2
27
2
1
18
19
4
6
2
13
18
1
3
1
7
32
2
8
6
1
10
4
7
24
8
11
8
2
2
1
3
1
6
3
1
1
4
14
12
4
10
1
1
8
2
2
2
2
8
1
1
11
1
5
20
3
5
30
8
1
2
2
3
2
1
4
1
1
3
26
2
1
5
1
1
20
1
8
10
1
14
2
15
2
3
8
1
3
3
31
1
4
2
10
2
35
14
1
6
1
5
13
19
6
31
1
2
7
6
4
2
1
1
17
16
18
1
1
23
1
2
1
3
1
2
1
8
13
6
9
7
2
2
7
1
8
5
1
3
5
6
6
16
1
1
2
8
2
9
22
2
1
2
2
5
2
10
1
30
11
5
2
2
4
1
16
1
12
12
19
1
13
5
3
2
1
3
5
7
2
2
19
1
9
2
7
4
32
9
8
11
3
6
8
3
1
1
6
2
4
8
2
4
13
2
5
9
2
1
6
3
6
2
1
1
1
4
2
4
1
8
8
1
1
1
2
1
20
1
8
5
19
2
2
3
1
1
2
5
1
1
1
6
16
2
5
9
23
5
10
5
5
2
1
8
2
7
2
2
1
3
1
1
5
1
4
2
1
4
7
22
3
11
23
1
4
2
10
4
7
2
6
10
2
1
3
4
8
5
5
2
4
1
2
1
2
1
1
1
2
7
3
2
4
8
1
1
1
8
2
6
19
4
1
11
1
1
2
7
4
1
5
17
6
1
12
21
4
8
1
4
15
1
2
17
11
28
1
4
1
13
2
6
2
5
4
4
1
1
7
1
4
3
1
7
1
1
2
2
5
1
1
9
4
24
8
4
5
3
2
4
4
4
2
11
1
5
13
1
1
1
6
17
1
9
1
5
12
14
1
2
4
12
3
12
1
10
1
1
1
6
19
1
5
3
2
3
1
6
4
4
6
3
3
3
4
40
2
4
3
1
1
2
1
2
8
4
15
17
3
4
7
1
1
4
1
1
6
1
4
26
1
2
2
5
5
1
40
11
2
7
3
12
30
15
12
1
1
5
2
1
10
1
1
1
43
12
1
4
1
2
1
10
5
1
6
1
1
4
3
5
1
3
1
5
1
2
11
6
11
5
4
4
2
2
4
1
1
24
9
9
5
3
16
1
26
2
8
1
2
5
3
2
3
9
8
4
4
2
13
2
1
2
10
9
9
1
4
5
3
1
1
17
5
2
7
2
32
31
25
2
4
19
1
7
5
1
2
1
22
1
26
16
1
9
9
6
1
6
1
12
31
41
5
2
1
3
1
10
8
3
1
2
1
2
1
1
3
7
16
2
5
16
9
1
5
2
1
7
6
2
3
4
2
6
1
1
2
1
14
4
1
2
1
1
5
3
9
1
3
1
11
1
1
5
1
1
1
23
1
12
3
12
3
12
2
4
1
4
4
7
7
3
1
13
17
4
1
1
5
2
8
10
3
1
6
5
2
10
2
2
2
4
1
1
1
12
6
1
2
2
1
2
33
1
7
19
10
24
2
14
18
28
17
4
7
1
1
1
1
6
1
2
1
21
2
11
2
4
3
2
2
7
9
14
15
3
1
7
1
1
1
16
1
1
1
1
2
7
4
24
8
5
26
6
4
9
14
7
3
3
19
2
11
1
11
1
3
1
5
5
17
1
4
1
2
1
12
8
2
1
8
1
4
45
1
1
1
5
5
2
1
4
15
9
3
9
10
2
1
19
7
1
2
6
2
26
2
4
2
12
22
1
11
1
1
2
1
4
24
8
2
4
1
8
4
1
2
2
11
9
2
1
1
13
2
1
3
11
5
4
11
20
4
4
5
9
2
2
7
1
1
1
1
1
1
2
11
2
1
20
6
3
12
2
9
1
1
4
6
5
1
3
3
1
31
8
15
3
6
1
1
7
21
1
3
44
1
3
6
10
1
6
2
8
6
2
3
2
4
4
2
2
1
2
22
2
1
10
1
8
4
9
5
2
7
6
9
1
2
1
1
1
1
2
16
2
7
7
2
10
5
5
1
21
5
3
1
1
1
2
7
2
5
9
1
1
1
1
4
1
26
3
1
12
6
6
1
54
1
16
2
1
3
2
9
15
2
1
1
1
1
8
12
9
12
4
26
8
3
6
7
2
5
3
20
8
3
3
1
1
1
1
1
6
3
9
7
3
3
14
1
5
1
27
4
3
10
4
3
25
4
11
1
5
1
4
1
2
7
6
2
1
9
6
4
5
12
4
1
1
6
15
2
9
12
1
1
16
2
2
6
3
1
1
5
4
1
32
4
16
1
3
1
11
17
1
2
22
1
13
4
4
1
2
6
9
4
21
6
12
4
25
3
1
7
4
3
3
10
16
2
1
7
1
1
1
1
2
3
6
3
7
2
1
15
3
1
1
1
14
9
3
6
1
11
1
3
2
1
40
8
2
10
6
11
1
11
2
1
2
10
19
18
2
10
4
21
1
2
1
1
4
15
5
3
2
1
14
6
1
13
8
1
13
1
4
3
1
4
2
4
10
4
1
1
7
8
1
16
13
1
1
17
6
2
8
1
16
8
1
10
11
4
9
4
2
8
2
3
4
26
1
2
1
3
3
1
6
1
3
1
5
1
5
1
1
24
3
3
6
2
9
2
3
7
1
26
3
20
1
12
4
1
5
1
7
2
1
21
3
2
11
12
1
12
6
17
1
3
3
4
19
1
8
23
6
5
1
1
11
4
1
1
4
12
4
1
4
1
21
6
4
2
13
1
1
6
1
12
2
1
1
2
1
15
3
5
12
2
26
12
1
1
3
4
3
2
4
11
2
4
3
1
3
3
5
14
7
13
1
2
3
1
3
1
1
11
1
3
15
16
8
6
24
2
1
12
1
4
8
9
6
5
9
2
6
15
2
2
11
2
7
2
1
14
1
6
3
1
6
23
3
1
1
9
7
2
1
19
1
5
16
6
9
23
9
2
8
1
28
2
1
1
4
8
3
4
14
14
7
9
4
5
6
7
30
1
1
1
16
3
2
4
3
1
1
18
1
2
23
7
7
3
20
3
26
1
3
2
23
16
6
1
1
4
7
1
5
5
1
1
3
1
4
2
6
18
6
2
1
5
30
2
1
9
18
3
1
1
1
13
2
1
11
10
11
9
10
3
18
4
8
1
2
8
2
10
2
3
6
2
2
3
13
9
10
1
3
6
10
4
3
1
63
5
1
12
1
3
18
1
2
3
1
1
1
1
19
1
1
3
2
2
1
1
1
1
3
10
6
1
21
11
2
18
3
8
5
5
18
1
5
6
10
2
10
2
1
15
2
5
16
1
2
1
4
5
7
2
12
1
9
5
1
6
1
1
3
12
1
4
6
5
2
4
11
1
7
2
1
1
1
2
2
1
2
1
4
6
22
7
1
1
16
3
4
1
4
5
6
10
7
3
2
4
3
8
1
2
3
1
4
2
4
1
11
57
1
1
2
6
8
8
5
7
3
1
14
5
5
3
11
30
1
4
5
1
1
4
8
1
6
10
1
4
6
3
1
18
2
4
2
19
2
3
23
14
6
3
18
3
1
1
1
8
2
19
1
4
11
37
13
2
4
3
9
7
1
10
8
2
15
1
2
11
1
4
1
2
3
1
6
12
4
4
2
1
6
2
12
5
14
20
1
16
3
2
2
15
1
1
3
3
1
2
7
11
1
1
9
14
5
1
3
1
1
2
1
1
15
3
2
1
5
29
3
3
9
4
9
1
2
4
2
1
1
1
2
1
10
4
2
2
1
4
7
6
2
10
1
1
9
1
1
6
6
3
4
1
9
6
1
3
2
1
15
2
12
2
3
10
12
5
5
7
1
1
17
3
13
2
1
1
2
11
11
10
1
3
1
3
6
28
4
6
2
5
2
4
7
1
2
7
14
2
2
2
3
1
8
3
9
1
4
4
10
1
4
1
2
12
9
3
3
3
1
9
3
8
2
3
2
4
4
1
1
8
3
4
1
7
3
1
13
4
24
1
10
1
1
1
15
23
1
1
3
5
5
3
18
27
13
1
4
1
4
2
11
9
2
1
1
2
7
3
6
18
2
1
8
13
3
3
1
1
3
6
3
6
2
7
3
18
2
4
2
12
3
2
23
3
1
1
1
1
1
4
4
3
10
9
3
7
1
1
12
2
14
2
5
11
6
9
1
4
4
4
3
3
3
3
9
3
1
3
3
18
8
4
1
2
9
3
1
1
4
2
2
12
3
6
18
9
3
3
5
1
4
16
16
5
1
9
11
6
5
6
1
3
2
1
15
1
2
4
1
5
7
2
9
5
3
1
6
6
8
2
7
1
1
11
16
2
2
6
2
3
2
1
9
1
5
1
1
6
5
1
1
3
12
4
30
3
25
3
3
11
5
31
1
1
3
1
3
17
7
20
5
10
6
2
18
12
6
1
1
18
2
4
40
4
4
32
5
3
1
1
3
10
2
3
3
6
5
1
5
4
6
10
1
3
3
6
9
1
21
1
6
3
1
6
3
3
3
3
1
4
13
1
3
12
4
26
1
1
1
9
15
1
1
5
9
1
6
1
9
3
4
2
17
4
3
1
12
4
6
14
1
2
2
2
2
19
6
8
10
1
12
1
7
2
1
4
2
5
4
5
1
21
29
2
1
1
2
2
10
1
1
10
1
14
1
6
1
1
2
1
1
14
3
6
7
18
6
6
1
1
1
6
2
1
1
22
11
17
2
6
6
7
4
8
2
12
1
3
3
9
5
13
1
6
1
2
18
1
2
7
2
3
1
2
6
1
2
3
2
1
2
6
11
2
2
1
1
5
7
8
11
1
1
1
7
1
1
8
10
1
9
4
5
1
2
2
7
5
1
2
24
12
3
1
1
1
1
3
1
3
2
10
8
48
1
2
12
2
21
1
16
2
1
6
10
2
12
2
2
1
4
1
1
8
7
23
8
1
2
9
10
3
8
14
2
6
5
1
4
1
1
2
6
5
30
1
2
1
2
1
9
4
4
20
3
10
2
13
5
1
5
22
3
22
2
10
1
7
15
2
5
6
2
2
17
1
1
20
1
2
6
2
11
10
2
3
1
6
13
2
1
2
2
2
12
1
2
4
1
1
2
17
1
3
16
12
13
3
5
2
1
6
17
1
1
4
2
10
5
2
37
16
1
10
15
5
13
2
1
4
2
1
14
4
1
3
1
6
1
1
1
2
3
3
23
2
4
1
6
6
16
4
3
3
2
3
1
6
5
2
3
1
1
6
7
28
2
2
9
1
19
1
25
1
2
25
6
25
1
1
15
1
1
10
2
1
2
1
6
1
7
16
6
4
4
2
1
4
1
1
11
4
6
2
3
2
5
2
15
2
1
20
3
7
3
3
2
1
3
3
9
1
2
10
1
2
1
8
10
3
7
1
7
9
19
2
5
3
10
25
4
1
1
5
1
25
9
3
2
15
7
1
1
1
2
9
4
4
16
1
2
6
4
1
8
5
1
4
11
7
1
5
1
8
1
8
2
16
2
2
2
2
8
5
7
4
1
9
3
4
1
13
1
3
6
3
1
2
1
1
4
5
2
20
7
9
3
7
1
4
8
1
16
1
1
21
1
5
3
10
3
6
3
1
20
1
3
21
4
2
2
14
3
7
2
11
4
2
2
1
12
7
1
15
18
3
2
6
2
1
10
1
1
1
20
5
1
5
2
2
2
1
8
11
8
1
2
1
3
1
2
22
6
1
3
3
2
7
3
1
6
5
1
7
4
1
4
1
3
1
14
4
8
10
13
2
9
1
7
9
2
2
1
1
27
3
1
8
2
11
3
18
1
1
1
1
1
2
12
1
1
3
9
6
5
1
6
5
9
1
1
1
10
3
4
5
4
2
3
4
4
1
25
2
8
11
18
10
1
16
5
14
2
1
1
4
1
3
1
1
1
8
1
9
1
2
1
3
34
14
8
10
1
5
6
1
3
11
2
3
1
9
1
2
23
1
11
6
5
4
2
9
1
2
3
25
17
8
5
1
1
2
10
1
8
15
3
1
21
2
1
1
16
1
2
2
2
16
9
3
1
21
1
3
2
7
13
5
1
14
1
4
41
1
10
1
11
7
1
22
3
4
8
9
2
1
1
32
1
7
4
3
25
5
1
4
6
1
1
9
2
2
1
3
4
5
18
8
1
4
1
1
2
12
1
1
2
1
3
7
10
1
8
12
9
2
2
6
4
2
2
3
15
2
1
2
27
5
1
1
2
3
25
9
9
5
3
12
1
35
22
9
1
1
10
3
2
8
3
8
14
17
1
5
6
4
4
6
7
1
4
6
6
22
1
7
11
5
1
3
1
5
2
6
1
34
3
1
10
7
3
5
1
3
11
5
9
3
1
17
6
2
9
1
1
6
1
3
21
1
2
8
9
4
2
8
8
21
1
1
1
5
2
12
31
3
16
1
6
14
22
29
3
1
1
1
5
4
4
8
1
13
5
17
2
2
3
1
6
8
3
3
2
9
2
1
1
3
9
2
2
2
3
22
5
2
36
5
4
1
3
1
2
14
8
2
2
10
8
25
2
1
10
4
1
4
3
1
26
1
6
1
5
8
27
2
1
20
7
2
8
2
4
3
10
1
11
5
1
4
4
6
3
5
2
3
16
1
1
1
31
10
17
8
1
5
3
6
12
3
2
12
1
2
2
4
20
4
15
6
2
16
3
18
11
1
8
3
1
5
2
2
7
5
3
7
1
5
12
26
2
4
3
2
1
5
1
1
4
1
19
9
9
1
4
2
1
1
41
1
4
3
17
13
9
1
1
9
6
2
1
11
1
14
11
1
1
5
10
1
1
14
11
5
14
5
3
6
22
2
5
1
1
1
2
4
14
3
2
1
11
1
8
1
11
16
12
3
5
7
2
6
1
23
1
1
3
11
14
2
11
2
4
1
8
11
1
4
9
5
1
2
16
7
4
1
1
1
5
3
8
9
1
1
11
5
5
27
7
1
1
2
4
9
10
37
16
2
2
6
1
6
7
1
7
1
3
1
1
1
10
24
5
34
1
1
30
15
2
27
1
3
7
5
4
3
7
7
3
5
6
10
1
2
2
8
1
31
3
2
23
4
2
10
1
2
1
10
5
9
1
6
3
17
6
8
2
20
5
1
2
1
5
3
4
4
8
5
5
3
5
17
10
2
3
4
30
1
1
34
4
2
24
4
6
9
10
2
5
3
10
4
5
22
19
1
23
7
8
10
6
4
6
13
6
4
1
1
1
6
1
1
5
2
2
11
3
9
2
1
3
2
14
1
1
3
1
5
1
5
1
4
4
2
3
9
2
2
7
1
2
2
3
14
3
8
5
2
3
1
5
4
2
1
1
6
6
19
1
11
39
2
8
1
9
32
2
1
2
5
13
2
1
3
3
11
2
6
8
4
3
1
20
1
4
7
1
7
29
3
2
2
1
6
11
8
1
7
9
4
15
8
2
1
1
1
1
3
4
3
1
1
13
2
15
6
1
1
11
9
1
2
3
2
12
2
1
3
2
2
10
2
5
5
7
8
7
30
6
1
8
6
5
27
6
6
1
4
2
14
2
10
2
2
8
3
2
1
13
6
3
2
2
1
5
1
4
12
4
7
1
6
1
20
1
2
8
11
4
14
13
1
1
13
2
3
2
2
1
3
1
1
4
3
2
1
1
4
2
11
3
1
2
2
1
1
1
3
32
1
2
9
23
11
8
10
4
2
1
4
4
2
2
1
14
1
1
1
2
1
1
5
4
10
1
7
2
6
1
2
20
3
1
2
6
1
28
2
2
2
4
2
3
1
4
6
8
6
1
2
2
9
2
3
15
3
1
18
28
1
14
6
2
1
3
13
28
1
19
3
16
3
2
15
15
5
1
6
1
2
1
9
2
12
2
1
24
3
1
1
60
8
12
4
1
14
3
6
5
1
1
1
4
10
5
1
8
2
6
13
3
1
7
1
10
1
8
3
2
6
11
3
2
5
9
9
1
2
14
1
2
21
15
46
1
7
4
2
3
8
2
2
1
17
6
1
29
1
3
12
20
16
1
10
4
6
1
4
1
18
1
5
1
1
1
12
5
2
6
1
1
8
3
1
1
1
31
10
1
6
12
1
30
3
12
19
5
2
2
2
13
2
2
1
7
3
5
3
3
1
1
1
11
2
15
16
1
16
1
1
4
11
1
3
1
2
4
3
2
1
1
18
16
1
2
47
1
1
6
7
74
10
4
3
2
3
5
1
29
11
34
2
2
1
5
6
2
4
1
1
1
1
4
1
16
9
7
1
3
1
6
2
2
9
3
8
1
16
10
5
7
1
2
20
11
1
15
3
5
1
1
3
1
4
12
2
3
2
2
5
11
3
1
1
3
1
1
2
4
13
3
4
17
2
3
1
10
9
20
1
4
2
2
2
1
12
12
4
26
1
1
8
2
3
3
8
5
1
14
10
7
5
9
45
7
1
3
5
2
2
3
2
3
12
4
1
4
1
6
4
1
2
13
2
11
6
1
2
4
5
1
11
16
1
13
4
2
30
1
2
3
2
1
24
14
2
18
6
13
10
4
2
2
16
6
19
9
27
1
20
2
9
6
2
2
1
1
2
6
1
4
1
11
25
7
1
13
2
1
1
13
14
6
3
3
4
25
3
1
1
3
1
1
12
4
1
21
3
11
15
7
7
2
1
3
1
9
4
1
1
12
5
2
5
1
6
12
47
2
2
2
6
5
1
21
13
2
4
3
2
2
1
3
1
3
1
12
1
1
2
2
4
8
1
2
15
1
12
1
14
3
7
1
3
1
2
3
5
3
1
1
6
1
1
2
2
1
2
1
2
3
2
16
2
2
2
1
1
4
11
19
4
1
10
6
1
24
4
2
10
5
6
1
13
1
2
2
8
4
1
1
2
3
22
7
5
8
3
1
1
2
2
7
5
5
2
2
6
2
2
2
4
1
3
1
5
2
3
1
1
2
1
1
2
1
2
11
7
1
5
4
1
2
13
9
1
8
2
5
15
3
7
1
1
7
1
1
2
4
7
19
1
2
4
4
4
13
2
18
6
4
1
5
1
1
1
1
1
5
6
1
4
4
4
3
8
1
14
4
2
1
8
2
1
5
14
3
7
16
8
1
3
13
7
1
9
1
7
1
4
1
1
6
1
1
3
1
1
1
1
1
3
6
11
5
7
1
18
1
4
1
1
3
1
20
7
17
4
45
10
1
1
3
2
8
2
6
10
11
3
2
9
2
3
7
2
3
1
4
9
1
1
8
1
36
1
1
2
4
7
7
21
1
1
2
1
20
4
14
4
7
1
17
4
2
20
9
5
3
1
8
6
1
3
1
2
5
13
1
3
18
5
1
2
1
1
3
1
7
6
2
3
4
5
9
12
4
7
8
1
2
4
5
4
6
3
8
4
6
23
7
6
1
2
2
6
9
1
2
2
5
9
2
1
10
1
1
2
2
1
2
2
8
1
2
1
3
1
6
5
3
3
22
1
7
32
7
3
1
1
3
26
21
6
10
5
35
1
1
1
22
1
1
19
3
12
1
8
8
5
3
1
8
1
1
1
16
1
2
1
2
4
2
2
10
12
1
2
2
12
2
14
2
1
1
1
1
1
2
3
8
1
38
1
1
1
34
1
3
3
5
6
4
3
1
1
1
7
18
3
3
1
5
9
6
7
9
8
9
1
1
5
13
2
4
1
5
22
1
3
2
18
1
2
2
1
5
5
1
5
4
9
6
3
2
11
10
25
8
11
10
1
3
4
1
2
4
1
1
4
3
11
2
7
4
4
3
2
1
1
3
1
1
11
1
1
2
1
6
5
1
9
1
1
1
2
21
3
2
6
4
1
18
1
11
5
5
20
4
3
9
14
1
6
20
1
12
2
16
1
8
2
1
6
19
1
5
1
1
5
1
20
2
3
8
1
1
11
15
1
1
1
14
14
22
3
14
3
17
1
5
1
19
4
2
2
14
1
7
3
2
4
18
1
1
4
1
10
1
1
4
2
14
28
7
1
4
2
2
9
1
27
3
4
1
8
1
6
4
1
12
1
3
13
5
5
5
11
11
6
2
20
25
2
15
3
6
7
6
3
5
6
1
6
5
9
1
2
5
2
6
12
6
1
2
2
10
3
1
4
1
9
5
12
2
2
1
9
5
4
10
11
3
13
2
1
1
4
3
2
41
2
3
1
1
8
5
4
1
5
14
9
2
1
3
5
2
3
1
2
26
3
6
1
2
4
2
1
2
4
4
4
16
1
3
3
2
3
2
1
2
4
1
26
1
1
5
1
1
10
1
2
6
4
1
1
34
1
2
5
41
1
16
13
7
3
4
5
5
5
4
17
7
3
1
8
1
1
2
1
8
11
7
7
19
2
7
3
4
1
1
1
20
2
1
4
12
15
5
8
2
13
1
16
2
9
8
7
4
1
1
5
3
1
1
4
1
4
2
13
2
2
12
1
1
3
2
11
1
10
3
1
4
16
1
27
12
6
21
5
5
1
5
2
1
8
1
7
1
3
3
4
12
9
2
35
1
11
9
10
13
7
18
12
4
3
1
13
3
1
1
2
6
11
12
1
2
4
8
1
5
2
8
1
1
1
1
1
4
1
2
12
1
14
1
10
4
2
8
1
4
12
1
1
1
4
2
6
20
6
1
7
2
7
9
1
22
5
6
4
2
12
2
12
13
8
5
9
4
3
4
3
5
2
14
7
10
1
1
1
9
1
3
1
11
3
2
1
11
7
2
2
5
2
1
3
10
1
3
1
1
7
4
50
2
11
1
5
7
2
2
8
2
1
2
11
2
1
2
13
1
2
2
1
9
27
1
1
1
7
1
2
1
3
1
7
1
1
9
1
11
1
8
4
5
1
1
4
2
11
3
20
3
1
14
19
10
4
37
1
9
3
6
2
1
1
6
6
5
5
12
1
16
4
2
3
3
2
5
1
1
1
1
1
12
2
14
15
1
3
11
2
1
16
1
1
2
8
1
3
2
21
6
1
1
10
8
1
1
14
1
8
1
5
9
1
2
6
1
1
1
1
3
3
23
8
1
2
10
1
1
1
9
5
3
10
19
5
18
2
1
7
10
1
6
3
2
2
32
5
4
1
12
10
16
2
11
3
5
1
8
12
4
2
2
14
6
2
1
5
6
4
6
2
1
7
4
4
9
3
2
6
1
1
1
14
3
10
4
6
19
1
1
2
1
5
1
2
1
2
1
3
18
2
11
3
6
5
1
13
2
1
1
5
4
1
4
15
17
7
4
1
6
1
1
14
12
1
3
2
6
4
10
1
3
3
3
3
2
42
26
2
3
4
1
2
1
2
6
1
31
11
1
22
5
1
1
12
1
15
4
4
1
1
5
1
7
6
4
2
13
9
1
11
2
11
1
7
3
4
2
3
5
2
1
3
2
11
4
2
4
2
3
4
2
18
1
3
1
2
6
2
7
1
2
2
13
12
13
11
16
2
1
2
14
7
11
4
2
2
8
1
1
11
10
1
1
1
8
28
24
8
1
7
2
1
9
3
1
3
3
1
1
5
1
14
1
3
14
4
2
3
38
10
4
3
1
13
22
1
2
24
1
3
5
1
3
7
12
3
24
1
2
3
2
1
4
1
4
4
15
1
4
2
5
8
1
1
1
11
3
3
6
1
16
1
12
4
1
2
7
6
1
4
3
1
3
1
2
1
5
23
3
1
1
2
4
11
2
23
13
11
1
1
34
1
2
1
1
6
3
5
5
37
3
4
2
1
2
4
2
5
1
13
1
1
1
4
9
1
5
3
2
13
1
2
14
1
12
6
3
1
2
3
6
7
1
13
2
4
17
11
9
1
10
14
20
17
5
8
4
1
1
1
3
7
6
49
16
6
3
3
1
1
1
7
5
34
11
2
9
1
4
1
1
5
1
14
2
9
2
10
7
17
1
5
10
3
2
11
2
10
10
1
47
14
9
2
6
2
4
25
2
4
3
18
1
1
1
4
1
2
11
4
4
3
5
18
11
4
2
2
3
45
2
14
16
6
5
2
6
1
1
2
14
3
1
8
12
11
1
9
18
6
2
5
2
13
4
6
3
11
1
21
2
12
10
38
1
6
2
4
2
4
3
1
1
14
1
1
1
7
11
1
1
6
3
1
6
19
8
1
10
14
4
1
2
4
3
1
1
11
13
2
1
4
1
2
8
4
2
8
1
21
11
4
3
3
5
3
11
1
3
8
5
4
15
19
1
11
5
8
10
1
9
1
11
12
1
32
1
2
5
7
11
7
23
2
29
1
1
4
5
4
7
17
3
2
9
1
2
1
20
23
3
4
3
1
2
2
1
1
1
3
1
10
1
3
37
17
2
9
1
11
1
4
8
2
2
15
2
2
5
8
9
1
4
5
7
1
2
3
2
2
7
2
13
8
5
12
2
1
3
3
2
18
26
9
13
33
8
3
2
1
8
2
11
3
7
4
13
3
6
1
9
6
9
1
8
18
7
4
1
10
16
1
7
4
8
6
2
9
1
2
3
4
19
2
1
12
10
3
2
9
5
4
9
2
16
1
1
2
1
1
3
16
7
9
2
6
1
2
3
1
5
3
2
40
4
2
17
2
2
2
1
1
1
9
4
33
5
1
1
3
1
12
4
23
1
13
10
2
8
8
8
1
1
1
2
1
32
1
1
1
1
6
1
10
1
8
3
5
16
2
11
2
3
8
12
2
44
1
20
3
3
9
7
10
3
12
1
1
3
3
9
2
2
9
1
5
1
7
6
5
4
2
12
2
2
2
10
1
2
1
9
1
5
3
19
8
1
1
1
11
3
9
5
1
1
1
4
7
6
1
13
11
2
10
6
13
6
5
1
3
1
1
4
1
2
3
1
1
7
2
14
4
4
4
2
9
2
1
1
4
3
1
18
6
1
4
3
1
3
1
4
4
8
1
8
3
4
4
2
15
14
1
2
3
1
6
6
2
2
2
1
7
1
1
3
11
10
8
4
1
1
1
4
1
4
9
8
14
10
2
12
1
6
4
2
8
7
2
7
11
2
28
3
5
2
13
2
2
4
14
5
34
7
6
3
1
24
6
3
1
7
1
3
1
1
1
2
2
11
4
14
2
3
2
2
1
5
1
4
8
12
4
4
6
23
8
4
5
4
2
4
2
6
5
2
11
1
4
1
8
18
2
1
2
9
21
10
13
2
17
9
5
3
13
9
11
6
7
2
2
32
3
1
1
12
3
1
1
1
8
2
3
33
2
1
9
2
1
1
1
1
8
11
2
3
1
1
1
1
3
6
1
7
12
4
3
3
3
1
7
2
1
1
3
2
7
2
3
6
3
10
6
1
1
3
14
5
10
10
11
19
29
1
4
16
10
30
2
2
7
9
18
10
3
5
6
15
2
1
18
16
2
2
7
1
16
5
6
20
3
9
16
8
1
10
2
2
3
2
2
1
24
1
9
20
2
1
5
2
23
1
3
31
1
17
1
1
6
2
1
1
5
14
2
2
18
12
14
15
2
4
3
14
2
11
4
9
7
1
2
1
1
6
1
12
1
1
4
5
25
1
4
12
9
9
5
6
2
6
2
14
4
16
4
3
1
1
6
6
17
1
4
1
8
2
1
3
2
16
9
5
7
1
6
2
3
1
1
1
2
1
2
3
2
15
1
1
4
3
15
13
1
25
4
1
3
1
4
6
4
17
11
4
2
1
6
6
1
3
1
6
21
4
11
5
1
12
6
7
1
23
6
1
20
2
11
16
16
2
2
30
1
10
1
1
1
1
24
27
3
3
5
3
4
8
1
4
12
2
4
6
4
1
2
1
12
7
3
14
1
8
7
4
2
1
15
1
1
1
4
3
3
4
17
2
2
16
3
7
1
1
3
1
1
1
10
1
7
8
7
3
1
2
1
1
24
1
1
3
21
9
1
12
11
1
6
4
3
5
4
7
3
1
4
7
9
4
2
1
1
1
8
20
18
2
4
10
3
2
3
7
5
17
1
24
2
11
2
2
4
2
15
1
2
15
2
7
1
1
1
1
2
40
3
1
1
1
9
1
1
3
3
5
4
1
1
6
14
1
16
1
18
7
5
5
1
1
5
2
2
2
13
4
1
4
15
2
62
6
33
44
2
7
1
1
16
1
3
1
2
2
1
7
22
3
3
3
3
17
12
2
2
1
16
1
41
2
2
2
32
1
5
1
2
3
7
1
3
8
11
10
3
6
2
1
3
5
28
1
2
1
2
7
4
6
10
7
26
10
6
1
17
18
6
13
8
8
2
11
13
21
1
1
1
2
15
8
3
8
1
4
6
18
16
2
9
8
2
4
9
5
2
3
1
20
1
31
8
15
1
4
7
6
6
3
18
1
3
6
8
2
7
1
27
8
1
25
17
5
1
3
5
3
1
5
2
2
4
3
1
2
6
16
1
9
15
1
3
1
2
15
2
5
2
2
10
1
6
9
4
7
3
2
5
2
3
2
2
4
1
1
47
9
1
1
1
1
1
1
9
2
4
2
4
6
2
9
2
2
12
12
2
4
5
6
13
4
4
1
15
4
1
1
3
3
1
3
9
1
1
10
1
1
4
1
3
3
1
1
12
9
2
1
11
1
1
3
4
2
2
11
3
6
8
7
7
9
1
1
15
5
4
1
7
12
1
14
3
2
13
19
13
4
1
1
1
17
4
4
1
1
1
10
1
3
15
1
4
1
1
3
2
1
12
21
1
6
7
2
5
4
2
6
4
2
14
14
20
6
3
3
3
34
9
6
6
20
3
1
1
1
4
12
1
1
17
6
1
2
1
1
30
7
3
5
8
2
3
12
1
1
3
1
6
4
2
6
12
14
1
5
25
16
1
5
1
13
1
35
6
7
1
4
1
1
8
2
1
1
16
1
4
4
3
1
17
5
2
1
10
2
13
2
2
2
6
1
1
7
1
1
5
1
7
4
2
2
2
1
1
4
6
18
4
1
5
2
2
2
3
6
4
6
2
9
4
15
1
1
1
4
15
14
4
18
4
1
2
2
3
13
6
2
1
1
15
1
9
7
1
1
3
2
20
3
3
1
7
2
10
40
7
1
1
5
2
1
1
4
2
2
2
1
57
3
3
4
1
2
22
2
18
7
1
3
14
1
30
1
1
1
1
6
2
33
2
1
1
1
4
15
7
2
1
5
10
2
1
1
1
3
9
11
13
12
2
6
1
4
3
4
5
11
5
2
7
4
4
21
1
1
16
2
21
1
1
1
28
4
1
1
1
1
3
1
52
10
4
10
2
3
26
1
4
5
9
10
1
3
1
2
3
1
8
1
5
3
1
11
11
4
23
1
3
13
14
7
1
1
4
2
6
1
16
3
5
6
8
40
3
23
4
18
3
21
18
5
5
7
11
6
1
7
1
10
2
4
1
11
5
2
5
2
6
25
43
8
4
6
1
4
42
38
1
5
4
1
1
2
1
3
14
11
10
6
1
2
4
12
5
2
1
1
23
2
11
4
1
3
5
13
2
3
1
5
3
1
5
2
8
21
5
13
31
3
1
6
3
21
4
3
1
1
7
1
7
1
5
4
1
4
1
4
8
1
6
2
8
6
1
2
2
2
12
9
1
4
4
7
2
7
1
13
1
11
1
1
3
2
13
2
3
13
1
10
3
21
10
1
2
11
1
9
2
2
6
17
2
8
1
3
4
6
1
1
2
1
10
6
11
4
21
16
21
3
1
10
14
34
26
1
3
2
1
3
1
2
24
1
3
6
1
1
2
2
10
6
5
1
2
4
1
1
1
2
2
4
3
1
4
8
4
1
2
6
3
2
9
1
6
2
8
3
2
2
7
8
2
18
7
3
1
2
1
4
16
6
1
1
7
7
12
22
10
3
4
1
6
11
22
7
1
1
5
3
1
21
4
1
4
2
1
2
6
2
3
7
1
14
2
4
6
2
1
2
24
1
15
1
17
2
10
4
10
1
1
8
3
10
6
12
7
16
2
2
1
1
2
4
2
9
1
1
1
4
17
1
1
2
4
1
3
5
3
4
3
14
6
2
3
8
6
32
1
8
18
5
3
6
3
3
4
1
1
25
2
2
11
2
7
1
8
3
2
8
1
13
2
25
22
1
4
16
3
3
1
5
5
17
6
2
4
1
42
1
1
1
3
4
1
8
10
2
14
2
10
1
7
1
20
1
1
8
8
9
3
3
6
4
12
5
3
3
1
5
12
2
1
1
12
10
1
2
1
6
1
8
17
6
1
2
1
4
11
7
2
1
3
9
2
2
2
30
1
1
3
1
16
1
5
2
1
16
7
3
4
1
2
30
1
6
4
1
2
11
10
1
2
6
17
14
17
5
7
1
4
4
2
1
4
7
4
2
5
1
1
1
9
4
2
13
10
4
5
1
1
1
3
1
21
5
12
1
6
4
1
8
2
4
1
1
18
6
7
11
1
1
10
4
6
2
5
5
5
4
2
9
3
1
2
2
12
4
1
23
3
1
5
1
3
2
1
2
5
6
1
2
13
3
17
6
5
1
3
5
1
2
6
3
3
5
17
7
4
2
2
1
5
2
26
2
3
13
3
2
7
1
1
1
6
8
1
4
1
35
4
7
12
1
4
1
3
2
2
1
1
8
6
3
1
11
5
2
6
7
17
2
2
8
3
2
18
13
6
4
1
1
1
3
2
1
17
2
1
7
13
1
4
6
4
2
3
4
1
5
1
6
8
1
6
2
12
1
1
3
7
4
1
4
4
5
9
5
3
2
3
16
3
2
7
1
5
6
27
6
1
8
7
3
2
2
14
1
26
2
5
15
19
8
11
1
10
9
6
6
7
2
5
1
1
1
1
2
4
2
1
4
1
27
4
4
24
3
1
2
4
3
3
4
5
1
7
1
15
33
2
3
1
2
2
2
2
10
1
20
6
2
1
15
1
4
7
3
1
9
3
5
8
1
6
8
2
4
2
1
1
2
1
1
3
12
3
10
9
4
3
2
19
1
1
2
3
29
2
5
1
11
1
4
1
5
2
1
18
13
5
2
22
6
5
16
7
11
6
2
10
2
1
5
5
17
1
6
9
6
5
1
1
7
3
14
2
2
1
5
1
5
8
1
1
2
2
9
1
5
9
6
3
1
1
2
2
9
15
12
3
15
1
1
6
31
14
3
14
2
12
2
1
3
2
3
1
1
8
1
12
7
3
10
5
12
3
1
6
6
1
2
2
10
14
2
4
2
4
3
1
9
1
4
21
8
7
1
2
5
4
1
1
3
3
6
4
1
6
3
8
1
2
4
13
2
2
17
2
4
8
3
1
1
3
7
1
1
7
11
1
3
10
5
5
1
1
8
1
27
1
2
1
2
30
1
1
2
5
3
22
11
22
6
1
9
1
2
1
10
1
4
1
1
4
3
13
4
1
4
3
5
1
1
13
17
4
3
1
15
2
2
9
11
3
8
3
3
9
2
2
1
2
5
1
5
1
14
2
1
8
10
8
4
6
1
3
2
7
8
4
2
5
3
1
11
1
6
2
2
3
13
2
2
2
1
6
8
1
2
1
10
3
1
4
19
2
3
6
2
6
12
1
6
11
23
2
3
6
12
6
44
1
6
2
4
3
1
2
6
16
5
1
2
19
1
1
3
1
10
1
4
11
3
3
19
10
1
1
1
12
3
1
1
2
2
2
26
1
9
4
7
1
2
6
2
4
12
1
1
9
7
1
2
6
1
30
1
4
2
1
3
2
1
28
23
1
9
9
1
4
4
21
5
4
2
10
2
7
2
1
1
1
44
1
1
1
9
4
11
21
4
1
6
19
7
16
6
1
1
1
5
16
5
3
6
13
2
2
1
4
4
3
2
14
6
5
11
9
4
5
2
11
26
6
5
4
1
2
10
3
1
4
3
11
3
15
3
7
6
1
4
1
1
6
10
1
3
1
3
8
6
6
9
7
4
4
2
5
1
10
3
3
1
1
4
2
9
5
12
1
5
14
4
6
2
7
1
27
11
1
17
2
6
3
31
2
4
1
2
1
3
4
6
1
3
29
2
2
3
1
6
2
27
9
3
4
1
6
17
12
1
1
1
1
2
3
28
16
14
1
10
1
2
1
11
3
35
1
1
2
4
3
1
2
6
1
2
1
4
6
17
4
13
1
1
1
17
1
4
1
1
14
1
6
2
2
20
8
1
12
2
2
1
1
1
11
1
1
2
13
6
1
1
2
8
23
4
3
2
1
7
1
10
1
10
6
4
1
8
5
23
2
2
1
1
7
6
4
6
9
6
8
48
17
31
8
1
7
1
5
12
10
38
6
9
4
1
1
1
15
2
15
16
6
10
7
2
12
2
8
1
7
2
1
19
1
2
2
6
3
1
6
4
2
1
3
20
10
2
6
1
9
1
3
1
3
1
2
1
7
1
25
1
10
2
1
3
1
1
3
8
3
2
12
11
3
22
11
1
4
1
1
10
2
13
3
3
4
9
1
8
4
5
1
2
8
3
1
3
17
3
15
2
24
8
12
7
1
1
7
5
14
11
8
2
3
1
1
34
1
2
3
1
3
20
1
3
7
3
2
2
1
2
4
5
2
3
8
3
2
2
4
1
3
3
14
6
6
2
1
2
2
2
3
2
5
11
3
5
7
2
3
3
1
1
2
1
1
9
2
12
2
3
50
2
5
1
1
26
20
3
3
6
13
15
5
2
1
4
1
2
1
1
1
3
2
3
9
14
2
2
12
2
10
1
2
10
4
4
25
14
2
1
1
1
3
1
4
25
1
4
2
7
3
10
1
1
5
23
2
2
5
2
11
6
3
5
2
1
17
3
1
9
10
18
5
10
3
16
1
1
4
8
1
22
3
5
8
2
1
25
1
1
1
5
12
18
8
8
7
6
15
15
7
1
1
4
4
1
12
1
1
6
3
6
8
2
1
1
2
1
9
3
10
1
2
3
12
7
7
20
1
13
2
14
12
8
7
8
24
6
13
28
19
1
1
1
9
1
3
9
5
4
7
5
1
3
4
15
3
6
2
2
1
10
11
1
13
18
11
2
8
1
2
2
2
14
4
1
1
5
1
2
6
2
3
2
1
2
4
7
2
2
17
4
22
4
3
9
4
2
8
10
10
18
22
1
16
4
2
8
1
1
1
19
12
4
1
3
9
1
25
6
5
2
6
5
11
3
6
15
1
1
8
14
6
1
2
1
8
8
2
7
2
9
2
9
18
3
7
1
5
10
9
1
1
1
7
1
3
6
6
3
4
3
5
1
1
1
22
1
2
6
1
3
37
3
4
3
1
2
3
4
5
2
1
4
1
1
6
1
3
2
19
6
2
3
4
4
5
3
1
4
11
4
16
3
6
1
16
9
1
5
4
2
3
28
2
2
10
3
2
1
5
4
1
6
1
12
9
19
3
3
1
4
4
6
1
11
3
1
2
3
1
3
18
9
2
1
11
16
1
1
1
2
3
6
26
1
3
2
14
1
16
31
1
2
2
6
7
1
5
8
8
2
3
15
7
6
6
4
1
1
1
1
2
2
22
11
5
1
1
1
3
4
4
2
1
3
5
8
1
1
7
1
11
3
1
6
2
12
1
39
1
5
1
5
1
25
2
1
2
3
4
1
15
5
2
2
3
1
4
8
1
1
2
3
9
3
5
9
2
1
10
2
2
13
6
1
8
29
7
27
9
11
19
4
10
1
6
8
8
2
1
2
11
1
26
23
8
3
2
6
3
35
1
3
8
2
3
30
3
14
3
21
2
6
4
4
58
2
2
16
4
38
1
10
1
1
1
12
4
5
4
2
4
1
1
13
2
2
3
20
1
7
2
27
6
4
7
18
1
2
10
3
6
1
1
2
2
3
1
10
11
2
6
17
1
2
15
6
2
7
1
8
13
1
19
13
5
23
25
1
7
3
38
1
6
2
13
6
3
6
30
2
1
2
1
10
5
1
6
1
5
9
1
1
1
12
22
22
22
1
5
7
17
5
1
11
2
2
5
5
2
5
3
4
1
1
2
4
4
21
1
5
26
2
38
6
9
1
1
2
6
2
1
4
4
5
1
1
6
2
7
5
8
2
8
15
1
2
1
2
5
5
2
8
1
10
2
1
5
22
2
1
1
2
2
37
5
2
1
1
53
4
1
7
7
3
3
5
1
3
1
1
2
10
9
1
2
1
1
7
2
9
1
8
6
5
8
1
1
3
3
7
1
9
6
12
1
28
6
4
2
11
4
2
3
3
3
13
1
10
1
1
4
1
5
15
1
18
1
6
2
1
14
2
13
10
5
1
4
1
5
10
3
1
3
2
4
2
1
8
1
17
1
1
3
1
7
3
5
1
2
1
5
1
1
1
15
65
13
3
6
12
2
17
9
2
6
3
2
42
2
3
4
33
25
11
6
5
14
9
2
1
2
2
7
1
2
2
3
2
10
5
11
2
1
3
7
3
2
1
6
2
11
21
2
11
4
3
1
7
13
2
2
2
2
3
2
7
17
4
6
2
2
16
4
12
1
6
2
13
1
1
1
15
2
5
3
21
3
2
1
14
18
1
1
24
2
14
22
1
15
1
22
1
18
2
1
16
1
1
7
13
11
1
1
1
13
6
9
1
6
8
4
5
22
6
13
8
3
12
13
1
11
38
8
2
8
5
2
19
2
2
5
5
1
9
12
7
5
2
19
1
7
7
2
2
5
4
16
2
15
13
8
10
6
7
17
8
16
3
3
2
4
14
1
14
16
1
4
4
4
5
1
12
3
1
1
1
2
3
7
1
2
2
3
5
8
1
1
17
4
8
2
2
1
8
7
10
8
4
4
3
2
1
11
17
19
1
5
5
4
22
2
11
3
1
1
2
2
11
11
1
6
7
1
2
5
1
4
6
11
1
5
19
7
2
3
3
2
19
5
10
5
1
1
4
7
5
1
6
2
2
12
1
6
1
7
1
1
3
2
1
1
1
2
4
13
7
1
5
2
3
5
5
12
7
1
7
7
13
2
7
30
1
16
6
2
2
3
4
4
13
1
2
10
5
35
11
1
15
1
3
2
3
4
3
1
3
2
18
10
1
7
1
9
4
1
4
1
6
2
1
6
3
1
3
6
1
12
3
4
32
3
11
1
1
1
6
8
2
1
1
3
4
2
10
9
12
5
16
4
20
1
4
1
7
9
2
15
7
1
13
1
1
4
2
7
8
2
3
16
8
7
14
4
2
5
8
3
4
18
8
6
23
2
3
2
2
1
1
6
2
2
9
15
4
11
7
10
1
5
2
14
4
1
7
2
3
19
1
6
13
1
1
2
2
1
11
21
1
5
3
1
13
15
1
26
1
1
1
14
1
4
1
6
2
4
2
7
21
6
7
1
4
1
11
2
1
1
3
3
5
1
1
4
4
1
1
6
3
3
1
2
5
6
10
5
5
14
9
9
1
4
4
30
7
26
10
1
30
11
8
4
5
4
1
1
5
2
2
23
13
1
3
1
1
15
6
1
1
15
3
1
5
3
18
8
7
1
3
13
3
3
1
26
4
1
11
5
8
1
16
16
2
5
2
3
14
4
3
1
11
1
16
3
14
1
1
12
2
1
3
3
2
1
22
1
3
17
20
2
17
1
4
12
4
8
3
8
5
2
8
1
19
10
1
2
12
46
9
15
23
9
1
8
2
1
15
6
1
10
6
8
1
1
2
11
2
4
1
1
15
2
7
1
5
6
4
2
11
7
14
1
6
3
9
1
2
9
5
7
3
2
1
3
16
1
1
17
15
10
1
21
7
1
11
9
2
1
4
21
8
1
6
8
2
6
2
1
2
15
1
4
4
24
1
5
7
1
9
1
24
5
8
12
1
1
2
2
12
1
1
10
4
5
6
12
4
3
4
2
1
6
3
1
19
28
1
2
1
1
18
1
1
4
7
10
10
15
13
1
1
2
1
8
2
7
3
2
5
2
6
1
4
2
5
4
1
2
1
11
21
7
6
4
3
2
1
4
8
1
1
5
1
5
18
2
21
5
1
10
20
3
3
1
3
4
11
4
16
11
1
7
21
7
14
1
1
3
6
44
1
24
5
5
3
22
4
2
19
1
3
3
1
2
11
32
3
8
4
4
18
4
6
1
19
10
5
1
25
7
3
1
1
7
2
6
2
2
5
3
14
12
6
1
13
9
5
2
3
3
5
2
3
5
4
6
3
13
4
1
14
1
4
7
2
2
5
2
6
1
1
1
1
9
4
1
5
8
4
5
1
14
15
26
15
2
2
2
2
9
3
1
11
3
9
1
1
1
20
9
2
4
8
4
1
15
3
17
7
2
1
12
6
3
16
19
1
3
4
8
1
2
7
6
1
3
16
2
1
3
7
1
11
29
1
3
6
3
10
1
1
4
1
5
12
1
20
2
5
1
1
1
18
2
6
3
10
1
1
40
14
16
6
7
3
6
1
19
7
1
7
2
6
1
3
31
5
21
2
12
2
2
1
1
8
2
3
9
1
6
14
2
40
1
1
8
2
3
19
3
1
1
6
7
1
13
1
18
1
13
14
7
3
28
4
1
5
1
4
17
1
12
19
1
2
23
19
7
3
3
1
3
9
4
1
1
4
1
11
29
11
26
1
1
9
7
3
2
3
2
1
2
2
4
5
4
7
13
1
20
1
3
1
2
1
1
13
21
25
4
1
7
2
10
2
2
2
1
12
7
2
1
15
3
1
2
1
2
3
8
1
1
19
4
5
13
32
7
1
11
3
15
5
1
10
1
1
4
2
1
1
4
2
1
2
10
3
20
3
1
5
1
10
1
3
4
1
17
4
2
1
10
6
8
1
4
1
5
5
14
1
2
1
7
4
1
1
1
2
1
3
24
1
7
3
3
3
7
10
5
17
1
2
4
6
8
1
2
2
1
9
1
21
7
17
4
3
14
2
4
5
14
23
5
3
4
1
3
1
35
5
3
6
3
2
1
9
19
2
43
8
2
1
2
9
16
1
1
1
4
2
2
9
4
9
2
1
2
2
1
2
3
13
19
2
8
1
1
3
1
2
2
2
2
1
6
1
1
2
2
1
5
21
2
2
6
11
3
12
3
1
4
9
1
12
4
5
1
14
2
2
3
16
5
1
2
1
10
18
1
1
11
4
20
2
1
1
4
2
2
4
1
20
15
2
8
2
5
10
6
14
1
16
2
12
3
8
1
6
1
7
1
2
15
1
26
6
3
3
24
1
9
2
25
1
2
4
10
24
6
14
10
2
7
2
15
9
3
1
1
29
1
9
16
2
5
7
5
1
2
45
1
1
6
4
4
15
8
1
4
3
5
15
6
1
2
32
7
5
7
5
4
13
20
1
4
3
3
11
11
2
10
2
2
4
4
4
3
8
11
1
1
2
1
4
2
9
11
1
6
4
1
6
7
6
1
10
3
18
12
27
10
4
3
4
2
5
1
14
11
4
2
2
4
4
1
1
2
1
8
4
3
1
3
12
2
3
1
4
21
2
1
1
3
5
23
1
2
2
4
3
4
2
3
1
10
3
8
6
6
2
1
6
5
1
9
4
4
4
4
4
9
2
3
2
2
1
2
6
1
2
1
4
4
2
4
1
3
2
11
2
1
1
5
1
24
8
8
2
1
4
12
9
3
23
3
2
4
2
5
2
7
6
2
1
9
6
6
1
2
27
1
1
12
3
5
4
6
1
7
36
2
5
3
26
5
18
18
1
1
5
2
9
2
3
1
3
2
3
8
1
6
12
34
5
2
3
2
2
17
3
3
3
16
2
4
1
15
8
6
3
1
20
1
3
3
8
9
3
2
3
11
21
1
4
3
10
11
1
7
28
1
10
1
2
13
3
12
15
6
3
2
2
47
3
1
1
6
3
22
1
3
3
2
1
15
1
1
2
6
3
1
1
4
1
15
3
2
3
1
1
1
3
27
1
10
3
9
19
13
7
5
23
1
3
2
1
2
1
14
1
4
11
5
1
2
3
2
1
1
12
1
2
3
1
2
1
1
9
17
1
2
1
4
3
3
9
7
2
1
1
1
2
20
4
12
3
17
3
1
13
7
1
1
13
10
1
4
1
3
4
11
1
13
3
2
5
1
1
13
1
5
3
2
24
9
7
1
3
12
4
17
18
4
1
5
2
10
2
5
16
1
14
1
5
1
13
1
4
1
5
1
4
7
7
1
2
2
1
1
49
3
8
1
2
2
1
6
1
5
1
17
1
1
1
2
2
18
1
4
6
6
7
3
1
8
1
2
2
1
6
2
3
4
18
1
5
2
5
5
19
5
12
2
8
1
2
5
6
2
2
2
4
4
25
1
2
1
10
3
1
4
2
2
1
2
1
6
3
8
1
1
3
1
3
1
9
17
3
2
1
2
3
13
7
3
7
3
8
1
1
4
19
1
1
2
2
38
7
2
7
4
29
7
4
15
54
9
20
1
32
8
1
2
19
32
1
11
2
2
1
2
6
3
4
4
2
13
6
2
1
1
1
5
1
1
1
1
1
1
4
6
3
25
1
1
17
5
4
2
8
3
12
28
1
1
1
2
9
1
1
2
5
8
11
7
13
1
2
7
24
3
2
5
2
7
10
9
2
10
5
25
2
7
1
10
5
8
6
1
1
5
1
27
8
7
8
7
34
8
13
2
16
8
11
3
16
3
2
12
12
3
6
5
5
10
2
1
47
4
1
1
6
1
6
2
1
14
1
2
1
4
9
3
3
2
1
3
1
2
22
26
1
11
2
8
2
6
9
1
1
3
1
3
2
1
1
2
5
8
2
1
1
10
1
3
5
1
1
3
1
3
1
6
1
5
3
2
1
7
4
1
24
4
4
15
3
17
10
1
6
1
3
7
9
1
9
1
9
42
1
1
5
2
12
1
4
14
29
3
2
1
5
2
1
1
1
12
8
4
15
2
1
6
2
2
4
11
10
6
1
4
5
3
32
4
29
21
1
16
8
2
4
6
8
2
7
7
6
5
1
2
1
1
11
1
1
2
5
2
2
13
1
6
2
1
2
6
4
8
1
1
4
4
8
15
1
2
11
4
2
6
3
1
1
7
1
1
6
1
3
25
1
1
6
1
7
5
1
59
1
5
2
14
3
1
8
6
1
3
5
5
21
5
2
3
10
1
2
2
6
3
1
2
12
2
2
1
3
17
2
6
2
1
16
3
1
1
11
2
1
4
4
4
3
2
1
2
1
2
4
5
1
4
5
1
8
12
2
10
5
4
3
3
2
3
1
2
8
4
6
17
13
21
2
5
14
1
7
8
4
13
1
8
4
10
1
1
2
1
2
7
4
10
3
4
1
2
11
3
1
1
6
2
1
3
10
2
17
4
7
6
3
4
1
5
5
3
1
6
1
3
2
5
7
2
3
3
3
2
5
19
2
2
1
6
21
3
1
1
1
2
2
6
3
11
3
3
5
8
1
2
11
2
1
3
3
7
3
3
4
2
1
2
12
1
4
8
9
1
1
1
4
4
1
3
5
2
2
2
6
1
3
1
1
4
7
1
1
2
11
13
4
9
3
4
31
1
1
3
5
3
6
2
6
1
2
7
1
1
1
26
49
1
7
13
6
4
2
1
1
1
3
1
5
7
5
18
10
10
1
2
5
1
1
2
8
2
3
2
1
1
20
1
18
5
2
13
14
4
4
7
28
7
7
7
8
5
1
4
1
5
9
14
1
11
4
1
1
4
13
1
4
3
5
5
7
6
6
5
6
1
2
1
4
1
10
3
1
9
3
10
1
1
1
18
2
18
3
1
1
8
5
15
1
3
1
4
8
2
9
12
17
3
9
12
7
1
3
5
1
1
10
4
7
2
2
1
1
15
5
5
2
17
2
2
19
7
2
1
2
17
4
3
2
1
2
2
21
1
2
1
1
3
3
11
1
1
6
2
8
3
20
1
3
12
3
9
2
5
21
15
5
6
2
1
3
6
3
6
4
8
1
19
4
9
16
7
9
9
11
3
1
9
13
16
6
2
1
2
14
14
1
2
4
27
20
2
1
1
3
5
1
18
2
1
16
8
2
45
10
2
1
1
2
13
8
31
2
4
52
1
1
1
1
1
6
4
10
1
1
6
1
4
2
2
2
1
3
2
11
1
5
1
15
24
8
1
3
5
1
1
4
14
4
5
4
1
1
1
9
1
4
4
8
1
1
9
2
4
2
1
8
5
10
2
1
1
1
21
2
3
5
3
1
6
27
1
2
1
9
3
1
2
9
23
1
11
8
5
1
1
3
1
4
8
5
10
5
1
1
2
23
4
12
22
1
4
5
4
3
4
17
1
3
7
6
2
2
1
2
4
1
4
23
1
2
2
6
1
11
4
1
2
1
2
2
16
10
1
1
4
9
11
8
3
1
13
11
9
4
7
2
26
4
2
6
15
2
1
3
2
4
8
3
13
7
7
5
5
6
29
3
5
16
1
6
31
4
5
2
3
3
1
2
1
1
15
3
2
1
2
8
52
8
10
9
2
21
1
1
9
11
5
5
13
11
5
3
2
1
1
9
2
1
26
1
2
1
4
16
1
7
1
1
7
3
11
4
1
3
20
4
6
1
2
3
29
3
23
1
2
1
35
1
4
9
2
18
1
3
3
2
3
14
12
1
2
2
2
15
3
5
5
15
1
1
1
1
7
2
4
2
2
3
18
1
1
24
6
6
1
5
2
1
3
1
1
9
3
5
8
11
3
6
1
1
2
7
2
3
2
5
2
5
3
1
3
3
1
1
4
5
2
7
3
1
1
2
4
7
1
22
9
1
4
2
5
3
1
1
3
2
3
6
1
1
10
2
5
2
1
1
9
1
6
2
11
2
6
21
5
2
2
1
18
1
1
3
2
10
5
4
19
12
1
16
6
6
30
1
1
1
12
3
5
1
2
1
4
10
8
7
5
2
1
3
2
9
9
5
7
1
3
10
5
1
1
5
1
4
8
2
2
7
1
2
4
8
3
2
2
14
1
15
4
1
3
4
11
1
5
2
8
1
11
1
25
3
2
4
5
7
4
1
1
1
1
3
1
2
6
4
1
3
4
16
6
1
6
12
4
2
24
4
1
3
1
2
3
4
3
2
2
3
1
3
3
2
1
18
1
4
23
1
7
1
1
4
2
1
2
19
3
9
18
5
3
40
6
1
8
1
6
7
7
8
2
2
1
7
4
3
4
1
6
7
9
8
3
5
6
1
6
2
3
7
1
2
7
3
3
2
5
3
12
2
5
3
19
2
12
9
1
1
10
2
1
5
8
4
3
12
4
3
3
1
1
2
18
8
5
28
4
6
2
4
6
7
9
1
9
7
1
1
4
7
8
4
1
3
6
5
8
1
2
18
37
1
27
3
28
2
6
22
2
4
6
2
1
4
1
3
1
1
8
10
16
22
8
4
1
17
1
2
9
3
33
1
6
1
13
10
11
1
15
1
6
6
4
11
1
22
22
2
7
1
6
8
2
16
1
18
2
20
1
7
1
1
3
21
2
7
3
12
4
1
9
6
10
4
1
2
6
2
33
6
6
10
1
3
2
3
6
4
1
7
6
3
4
1
12
1
11
20
2
5
2
6
4
1
6
3
2
4
1
2
4
2
25
7
14
18
1
14
1
1
3
1
1
1
2
1
4
6
3
1
1
4
6
1
1
2
12
4
4
1
7
2
1
2
8
15
25
7
1
10
3
12
4
23
13
1
1
9
3
10
5
5
1
8
6
8
20
11
1
1
1
6
2
4
3
8
2
14
2
8
1
2
2
6
1
4
2
25
14
4
2
9
7
14
2
2
3
3
1
3
4
1
18
1
4
2
1
3
1
2
4
4
2
1
2
7
20
11
1
1
2
1
1
3
9
2
7
1
13
25
1
3
3
1
19
4
1
2
2
1
3
4
1
4
2
5
5
8
45
12
1
4
1
1
4
17
12
3
4
14
3
4
6
8
2
6
2
3
2
7
1
3
16
1
15
5
7
1
3
1
7
10
8
1
5
1
1
3
1
1
1
2
4
5
6
2
10
8
1
12
18
35
11
5
1
20
10
1
3
41
2
2
4
5
9
1
3
6
1
1
16
1
2
6
6
7
2
5
13
1
6
4
13
1
2
2
2
4
4
7
1
1
1
1
9
3
2
14
9
1
2
1
1
17
20
11
16
12
8
2
9
2
1
6
4
4
4
5
5
3
8
3
13
14
10
1
20
10
7
1
5
2
2
5
5
30
1
9
2
4
12
5
9
1
5
2
1
5
1
6
5
12
1
4
1
1
17
1
1
3
18
2
9
3
1
2
1
2
27
2
4
2
8
4
13
2
1
2
8
2
7
11
3
35
2
1
2
3
3
10
7
14
6
4
1
3
3
1
1
6
5
2
4
2
20
8
3
7
17
3
1
2
1
10
3
15
4
1
1
6
1
18
4
1
4
5
4
1
17
6
3
6
1
18
2
24
3
9
1
1
5
3
4
4
1
1
12
2
16
4
8
2
1
4
3
5
35
10
1
13
6
12
18
1
4
7
1
1
19
1
8
8
1
3
1
2
2
19
4
4
7
18
2
1
7
1
4
6
8
1
8
1
1
1
1
13
4
1
1
9
4
1
2
9
2
18
1
1
5
1
1
2
33
1
44
5
9
1
1
6
1
5
3
2
6
20
1
10
4
3
7
2
2
1
3
4
1
4
1
2
1
2
1
1
24
21
25
1
1
22
1
2
18
2
2
11
1
3
2
10
2
8
16
5
3
1
1
1
1
11
5
8
2
12
23
6
16
2
3
2
11
21
1
1
1
2
2
23
7
6
3
32
11
1
4
2
1
6
2
2
30
9
12
2
2
8
4
1
1
26
2
9
1
14
23
4
4
6
2
2
7
4
4
2
1
30
8
3
14
2
12
12
7
1
13
54
5
1
15
2
18
11
1
5
2
3
4
10
17
10
5
2
8
12
4
3
8
3
2
12
12
16
1
7
3
2
4
1
7
4
2
6
9
7
13
3
5
3
3
8
1
6
3
2
1
14
1
3
3
7
4
9
1
5
1
1
8
1
1
1
20
5
1
3
43
14
1
6
6
41
1
40
3
13
3
10
4
2
15
2
11
23
4
4
1
3
1
15
16
3
8
9
4
1
4
1
2
2
5
2
10
29
4
1
28
33
1
4
1
1
4
8
3
2
1
2
1
5
1
9
6
8
1
2
6
11
11
1
1
2
1
3
3
8
19
1
9
3
40
6
2
18
6
4
1
10
4
8
7
1
1
1
13
13
3
3
5
8
24
2
2
3
7
27
1
1
73
8
4
1
1
17
3
1
22
1
1
4
1
1
8
2
1
1
2
1
3
6
2
3
11
2
9
11
4
4
6
2
1
12
3
8
19
3
4
3
1
12
7
2
1
1
44
5
9
1
3
5
14
1
7
2
3
3
1
3
1
1
1
1
10
16
3
4
20
1
4
5
8
7
9
16
8
9
1
4
2
12
1
2
1
9
25
5
1
11
2
1
10
9
10
7
13
6
8
2
5
2
5
20
1
1
19
2
1
7
13
8
2
3
11
1
8
1
5
2
1
14
2
2
9
7
4
5
9
15
1
1
4
5
2
2
6
2
9
1
1
1
3
1
6
11
3
1
19
9
1
15
11
5
2
1
2
2
1
2
1
1
2
3
20
5
7
4
1
5
2
11
3
1
3
4
15
5
10
9
1
2
1
6
5
1
10
13
1
2
2
1
8
4
1
4
6
12
1
19
7
3
6
7
11
8
9
21
8
1
1
1
1
1
12
1
20
3
11
7
4
4
1
2
5
3
2
7
2
1
1
16
1
2
4
3
9
1
21
2
12
22
13
6
4
1
2
1
5
1
1
39
1
12
1
10
3
5
22
5
1
4
1
8
9
3
7
11
9
19
4
17
10
1
14
1
1
4
7
1
1
1
1
8
5
4
4
5
1
2
20
1
2
5
3
14
5
2
3
9
1
6
3
8
6
20
1
2
8
29
8
18
1
1
6
3
3
2
1
7
14
2
1
24
3
13
4
1
13
3
1
6
7
1
6
6
1
5
10
3
1
1
14
2
6
5
7
1
22
2
26
6
1
2
10
6
24
1
1
30
3
2
1
21
5
5
23
1
1
2
25
15
2
5
1
6
4
6
2
2
1
19
2
6
21
12
1
2
1
5
1
15
1
5
4
31
35
1
11
1
6
7
13
3
1
3
1
2
1
14
3
1
6
8
16
3
3
2
2
1
34
1
4
7
1
1
10
1
2
4
1
2
1
4
7
1
1
7
2
11
2
2
3
4
1
1
11
1
4
5
3
32
6
1
1
1
5
2
4
2
6
10
1
18
1
3
2
11
11
1
1
1
10
11
1
9
2
1
10
5
2
2
1
3
31
1
6
2
5
4
1
1
3
17
1
3
1
3
10
6
1
5
2
1
1
9
12
17
2
10
7
2
2
4
1
6
11
1
2
5
19
5
9
4
4
3
1
23
16
2
1
28
3
5
4
32
17
7
2
23
3
10
9
2
1
14
3
1
24
8
2
1
8
1
3
15
4
1
4
1
8
4
5
1
1
3
20
17
6
10
1
5
2
5
5
1
2
1
40
11
5
6
14
2
35
3
4
1
1
2
1
3
1
2
16
3
1
2
3
7
2
5
6
1
3
11
16
2
50
2
2
3
12
3
3
1
8
8
19
1
3
4
7
2
10
5
11
1
4
2
12
1
2
1
4
3
13
1
2
3
8
2
6
2
10
6
26
1
10
9
6
17
3
4
3
1
13
2
8
1
3
5
3
5
20
11
4
2
2
7
1
18
1
18
9
6
2
12
3
1
1
3
18
5
20
2
2
12
1
7
4
1
5
11
5
2
1
10
9
3
1
3
3
1
2
3
3
6
13
1
4
2
11
2
1
2
2
1
7
2
13
31
7
1
6
1
3
1
3
5
1
5
2
10
4
1
9
17
3
1
1
3
10
1
5
1
13
5
1
1
4
1
2
2
1
1
5
19
1
3
2
1
1
1
5
1
10
18
11
2
2
6
3
5
1
10
17
1
1
2
3
4
1
2
27
2
1
3
3
1
3
13
26
6
4
13
2
11
5
1
16
1
6
1
3
6
1
6
5
1
1
1
5
1
1
2
1
9
2
7
5
2
7
3
5
11
8
2
1
1
1
1
3
5
4
2
8
2
2
4
2
1
1
3
7
1
2
1
7
17
1
3
1
1
10
7
2
5
3
1
1
2
1
54
3
22
46
8
2
4
2
1
3
1
1
11
11
2
13
11
2
17
1
2
3
3
10
7
1
2
1
6
3
9
1
2
1
2
1
3
7
27
16
5
12
5
2
12
7
1
22
3
7
2
1
1
1
4
7
4
8
4
6
2
1
1
2
2
5
10
6
13
4
5
1
1
1
13
1
29
2
2
18
2
1
16
8
1
1
7
13
7
1
6
2
7
16
8
1
9
2
2
10
8
5
2
1
1
1
2
4
4
7
5
2
1
4
29
1
4
8
1
1
8
7
2
11
22
10
3
1
11
2
5
3
2
21
26
5
1
4
40
2
5
15
28
1
12
2
3
2
1
4
9
37
9
38
16
6
4
7
9
2
5
1
14
5
4
4
2
1
13
24
2
4
3
2
2
1
27
9
22
2
10
2
5
11
14
10
4
1
3
4
3
2
13
5
18
2
6
26
1
12
7
7
1
3
2
4
5
2
1
9
1
2
4
3
2
1
2
11
1
1
2
15
1
5
1
9
24
4
7
1
11
7
1
6
8
1
14
26
6
1
2
4
6
14
2
1
14
7
4
4
15
16
10
11
16
1
9
4
30
8
1
2
1
13
2
1
5
5
5
7
2
44
2
1
2
3
1
11
22
67
1
1
1
15
7
3
4
3
2
7
1
11
6
1
47
1
2
6
5
3
1
2
7
12
3
12
2
1
6
2
1
1
2
2
1
3
2
3
2
1
2
2
1
1
7
3
1
2
3
2
1
10
3
1
3
2
2
1
8
1
1
18
22
7
7
3
1
8
4
16
15
10
1
1
1
5
1
1
1
4
1
26
1
6
1
2
3
11
24
4
2
2
1
2
17
3
12
20
2
1
2
5
7
1
2
2
1
23
1
2
3
5
1
2
1
2
21
2
10
4
1
3
9
1
5
2
3
10
12
2
1
1
4
7
2
3
15
1
29
3
1
5
1
4
1
2
1
1
15
1
8
7
1
3
1
1
2
20
1
1
1
6
11
4
1
2
1
10
17
2
2
1
1
43
7
56
1
2
4
12
1
2
5
5
1
1
9
1
3
1
1
10
3
1
2
13
1
4
1
5
5
1
1
1
27
16
20
6
1
30
1
8
5
6
22
7
13
3
8
9
2
1
1
1
1
1
15
20
13
2
4
1
2
2
1
6
4
9
6
1
4
4
6
11
1
2
24
2
2
5
3
2
5
5
2
6
3
6
1
1
6
12
4
12
12
12
9
4
8
5
6
7
19
2
12
6
2
8
7
3
11
16
2
2
4
4
13
1
4
13
9
9
20
1
7
4
9
6
2
1
6
2
3
1
2
1
2
2
7
7
4
8
6
12
6
13
2
1
4
6
1
1
10
9
1
12
5
9
2
1
1
10
5
14
1
8
5
2
2
3
5
5
5
28
10
9
1
1
5
9
8
3
19
3
2
1
4
1
4
2
2
1
2
15
12
2
2
9
2
6
4
5
1
12
4
3
1
2
11
1
1
33
17
1
2
5
1
1
2
1
12
7
2
21
1
1
1
1
1
5
1
1
4
2
2
2
4
14
2
2
2
1
2
2
1
15
1
3
7
1
7
3
8
1
3
1
2
4
7
4
11
2
1
2
2
6
8
1
1
2
8
2
14
2
1
2
1
2
3
10
1
1
21
1
3
6
1
11
4
13
1
4
1
12
14
3
5
1
2
4
20
1
1
17
4
3
17
2
5
9
4
2
1
1
1
3
8
9
14
3
17
5
1
3
10
4
2
1
1
1
2
1
2
2
1
3
13
5
3
16
15
3
1
3
2
4
2
1
1
17
17
1
2
2
1
9
14
10
7
13
1
11
7
4
5
3
1
26
12
4
3
1
3
1
2
2
4
11
27
3
20
1
1
4
1
3
4
21
3
2
4
9
11
4
16
5
1
1
8
5
2
17
1
1
9
22
5
6
2
1
1
15
2
10
7
1
3
2
1
6
14
9
1
1
10
2
3
3
2
2
3
9
2
20
1
2
12
1
10
4
1
3
1
3
2
2
5
13
6
17
13
7
3
1
1
8
1
3
2
7
16
1
3
2
1
2
11
17
5
11
10
2
2
7
7
2
8
2
1
2
4
2
7
2
1
1
12
3
23
2
4
8
2
5
1
1
13
8
11
3
4
12
1
1
20
18
1
10
1
1
16
1
5
1
1
18
5
10
4
1
4
6
2
7
1
10
3
1
1
1
6
1
8
1
1
3
4
2
19
1
20
1
11
10
3
1
14
13
14
1
4
1
23
1
1
19
2
3
3
20
1
3
15
2
12
20
1
2
6
4
1
1
5
3
1
1
4
1
1
1
7
2
1
2
3
4
2
1
7
6
1
10
4
1
2
1
17
6
1
1
5
2
5
1
1
1
4
8
2
2
1
2
2
1
5
1
6
8
6
4
2
3
1
1
3
4
1
1
8
8
2
2
1
5
25
1
3
16
1
3
1
3
3
5
1
3
1
4
9
4
12
2
1
3
3
19
5
1
1
7
4
6
1
4
3
48
1
1
3
2
1
2
5
1
41
1
1
2
9
15
4
1
1
1
28
9
9
11
7
15
9
3
1
1
1
1
4
1
1
1
1
1
8
5
3
16
1
5
1
21
1
1
38
7
3
3
1
18
5
6
10
2
1
12
1
3
1
4
8
4
7
1
1
4
1
9
2
2
2
1
1
3
3
5
1
18
6
1
22
19
1
10
9
2
12
1
4
5
1
2
8
4
10
1
13
13
6
5
1
12
3
1
1
16
2
2
9
2
18
5
18
10
2
31
2
7
2
6
1
10
11
30
15
3
13
23
3
2
2
2
9
5
4
18
4
7
3
1
2
4
2
4
1
5
1
1
2
3
23
1
3
4
3
1
1
2
2
1
1
22
1
8
1
9
1
1
6
7
1
22
5
8
7
28
10
3
8
5
2
12
1
8
13
3
6
9
1
3
1
9
3
5
2
17
1
1
2
2
8
1
8
2
3
1
2
12
1
3
5
1
5
3
13
1
16
1
3
1
1
7
8
2
2
2
8
5
8
3
6
14
4
2
8
3
5
14
15
1
1
19
1
1
21
20
1
1
9
2
1
1
1
5
10
1
1
4
7
1
11
1
6
19
2
4
6
7
43
7
2
23
3
4
4
2
3
1
9
1
6
16
4
2
24
3
1
7
26
14
7
2
15
5
1
1
9
5
14
25
29
1
10
7
1
36
8
4
7
5
2
9
4
4
4
8
2
9
4
2
2
2
9
1
4
1
7
1
5
12
3
1
4
4
3
3
1
1
11
12
1
2
2
17
2
15
6
3
3
3
9
2
21
1
2
1
13
5
2
2
1
3
12
1
13
3
2
8
9
1
4
4
1
1
3
1
2
1
5
10
1
4
10
6
11
8
7
16
10
1
1
4
2
1
11
5
5
9
1
9
6
16
3
9
1
4
11
4
1
1
7
3
28
12
1
4
35
15
22
6
4
6
2
6
2
6
2
1
1
1
3
1
29
9
11
3
3
9
1
2
2
7
1
8
1
6
5
1
3
1
13
11
4
7
7
6
11
5
17
2
5
3
3
1
26
1
16
12
1
5
12
3
11
1
15
13
2
2
32
2
2
1
3
3
8
3
2
6
1
2
3
3
4
5
1
1
6
3
4
1
2
1
10
2
3
10
3
2
2
6
17
5
3
4
1
1
2
11
3
1
3
20
1
2
2
2
8
12
8
1
3
1
6
1
7
2
5
4
18
16
3
13
1
8
6
1
1
11
1
3
1
5
2
1
11
9
2
3
4
9
5
9
3
2
3
14
5
1
1
1
13
1
1
2
3
51
4
20
1
2
9
11
6
2
3
2
14
1
6
3
1
20
18
4
2
3
1
2
29
1
6
1
5
2
3
15
1
3
8
3
10
1
5
1
1
2
9
6
2
10
32
1
2
12
1
4
5
5
3
3
2
11
1
2
1
29
36
2
4
1
5
16
33
3
8
5
12
5
4
2
3
1
1
8
9
3
4
2
3
3
3
4
9
6
2
4
17
8
1
2
4
19
48
1
1
6
7
17
3
4
1
1
4
1
11
1
13
1
2
1
1
1
1
8
2
10
5
1
3
8
3
1
14
2
1
4
1
8
1
1
12
9
1
1
2
4
2
2
2
1
13
1
6
8
2
3
5
10
8
12
1
8
1
8
1
19
4
27
27
10
4
1
31
3
19
1
5
2
8
3
8
20
1
30
15
2
1
4
17
1
3
1
1
12
7
20
16
1
3
1
1
27
10
5
2
1
4
26
1
6
2
3
4
3
28
10
5
1
5
8
1
1
19
16
2
12
4
1
1
6
9
2
9
6
4
5
1
2
1
1
2
6
2
2
4
2
20
6
1
6
2
1
2
1
2
28
12
10
10
2
1
1
8
1
1
3
2
11
2
7
2
2
1
1
1
15
2
2
1
3
1
1
7
15
4
2
30
2
2
9
1
1
4
4
1
4
6
2
1
1
24
1
1
3
16
1
1
1
8
13
1
4
8
2
2
1
7
2
6
16
21
4
1
1
1
8
15
1
1
2
1
1
3
4
1
7
6
1
1
2
1
4
1
69
15
1
1
4
3
6
5
1
4
8
10
1
1
3
2
2
9
11
2
18
8
1
8
2
1
6
4
5
2
12
8
4
9
25
9
1
16
25
27
4
1
1
5
3
2
9
1
1
4
12
1
1
12
6
1
2
3
1
2
1
17
7
1
1
1
9
1
20
2
1
2
1
2
1
1
7
1
1
3
6
2
25
2
1
9
1
23
1
4
1
1
1
1
13
3
2
1
6
6
3
5
1
1
3
2
17
1
4
49
4
6
6
7
8
25
1
17
1
1
1
3
3
6
9
9
1
2
12
3
1
1
2
2
9
6
5
4
5
1
14
11
1
2
4
42
4
4
10
1
23
6
2
1
1
3
2
2
1
4
25
1
1
1
2
7
1
18
15
7
1
3
9
2
1
3
2
1
4
11
1
6
6
2
6
3
5
1
1
10
18
6
12
2
2
5
4
6
1
2
11
5
7
1
21
6
6
3
16
1
3
7
3
2
6
4
14
1
1
5
2
2
18
12
1
20
9
8
1
4
7
1
1
27
13
4
3
3
3
3
4
1
1
3
2
7
3
8
1
1
3
9
20
8
2
1
1
6
13
3
2
19
12
10
4
2
1
2
8
19
1
2
1
1
3
4
20
5
13
1
6
7
7
1
9
9
4
5
1
9
1
1
10
2
9
2
23
17
3
1
2
3
3
9
7
4
2
2
1
1
5
28
5
22
7
10
1
3
8
2
6
6
5
26
4
1
5
2
28
1
1
1
9
1
15
2
8
1
1
12
2
1
2
2
1
3
1
2
26
6
2
12
4
1
1
7
1
7
1
2
4
14
1
2
22
3
3
4
1
21
6
2
4
2
1
2
7
10
1
10
1
8
5
1
19
3
6
20
24
3
15
2
3
11
14
3
5
1
15
6
9
6
6
7
7
2
5
22
11
1
2
10
3
3
25
3
1
4
1
3
1
3
1
3
5
1
12
5
2
6
16
1
7
5
7
10
2
1
2
1
5
32
3
3
2
4
21
2
1
1
6
1
1
1
1
2
8
7
4
1
6
1
1
3
3
6
1
1
1
1
2
6
13
3
1
8
15
2
1
1
2
1
11
4
6
1
1
5
6
1
1
40
1
10
4
2
3
7
14
1
8
23
23
11
14
26
4
2
1
5
18
2
16
1
1
5
7
14
13
1
1
27
3
6
1
16
7
5
7
3
3
1
1
2
23
6
37
7
7
5
1
1
2
1
3
1
17
1
2
2
1
8
11
1
3
1
1
5
4
4
5
6
7
1
7
2
4
2
6
1
3
2
4
1
2
4
9
2
11
6
2
1
1
1
8
1
2
8
4
1
1
14
4
3
15
1
3
2
2
1
5
1
12
16
4
6
32
6
3
2
1
2
4
5
2
1
6
16
22
16
3
2
8
2
12
7
4
18
4
9
2
3
3
2
1
19
1
1
4
5
18
2
12
1
2
20
36
3
6
1
2
8
4
2
1
3
15
4
3
1
1
3
24
10
1
3
2
2
1
2
7
17
13
2
3
4
7
1
5
10
7
3
6
15
1
2
1
2
2
1
8
1
13
1
2
3
1
3
1
17
15
1
4
8
4
36
4
2
1
3
3
1
7
5
6
9
5
42
14
2
1
2
1
2
2
5
27
6
5
1
1
9
12
1
13
2
15
1
2
9
3
24
27
11
11
2
20
1
5
1
2
7
1
1
9
3
1
3
11
2
3
7
2
13
6
2
3
10
2
71
1
1
8
2
5
2
15
10
2
2
20
4
2
3
2
8
3
18
2
1
1
5
1
1
2
2
1
2
13
3
3
1
2
4
1
8
1
2
7
18
1
3
8
2
24
3
8
1
10
5
3
5
1
5
2
1
12
6
3
8
6
4
7
2
12
9
1
5
1
2
11
2
9
10
21
16
1
7
2
3
5
8
3
1
24
6
12
4
1
2
2
1
1
9
2
1
4
2
18
2
8
3
6
1
36
6
1
4
3
6
1
10
2
1
1
3
2
8
4
15
2
3
1
2
1
2
1
4
12
5
5
11
7
10
5
3
4
19
1
10
27
10
6
9
1
8
3
3
3
21
1
2
2
28
17
19
2
3
8
2
11
1
12
2
3
3
4
1
2
49
1
5
1
7
6
1
4
2
1
12
3
4
2
17
3
2
1
1
25
14
3
1
4
2
1
12
15
2
1
8
8
2
12
20
2
1
1
8
1
2
8
10
1
5
1
2
4
1
18
6
32
1
12
19
4
1
3
1
8
9
2
4
2
3
27
30
2
5
9
2
4
5
3
16
1
2
5
3
3
1
11
30
16
8
1
3
2
3
1
7
4
11
1
2
9
1
8
1
4
1
12
13
1
2
5
9
1
1
24
6
13
5
2
1
2
2
13
10
4
1
16
6
15
2
1
1
3
1
2
7
2
10
18
3
8
1
4
20
1
4
2
2
2
4
1
16
3
13
10
4
4
3
2
6
1
6
11
10
6
6
2
6
4
5
14
1
3
1
6
6
11
13
3
17
3
4
3
9
7
6
2
10
1
3
23
9
6
4
3
2
2
3
2
3
2
23
1
2
3
11
1
3
10
2
11
12
4
6
8
4
2
1
1
9
11
2
6
14
1
5
3
11
6
4
2
2
1
1
3
1
6
5
1
13
1
1
9
1
1
8
10
2
3
11
2
1
2
1
3
8
4
22
9
7
3
1
5
1
3
1
23
1
5
1
2
3
2
26
1
11
16
1
10
14
3
3
5
3
2
10
8
1
11
1
8
1
1
3
1
11
3
12
2
4
12
2
1
1
1
2
3
1
3
3
7
1
11
1
3
13
12
18
1
1
14
4
1
8
12
1
9
8
2
11
16
1
1
1
1
2
20
3
7
17
3
1
2
1
4
6
3
13
1
2
7
1
12
2
12
7
4
1
1
8
1
1
2
6
6
1
40
3
1
1
14
11
16
1
1
1
1
1
5
4
1
8
3
1
2
31
5
5
1
2
4
1
3
2
11
4
9
12
1
4
1
2
2
1
4
3
4
2
3
1
30
29
9
4
5
2
18
11
1
1
2
1
5
1
2
24
1
1
12
41
7
3
7
9
2
1
2
3
1
1
7
5
9
17
4
1
6
1
3
2
1
5
1
1
4
5
1
2
1
7
9
1
3
16
21
13
1
46
3
19
1
26
2
3
12
4
6
3
16
13
12
21
1
1
8
10
11
8
10
27
2
2
6
1
7
1
2
1
2
3
2
4
8
1
1
3
2
11
1
5
2
5
1
1
7
29
2
3
19
9
1
4
1
6
18
9
15
12
2
1
25
4
2
1
4
3
11
16
3
2
1
1
1
1
2
5
7
9
7
1
8
2
1
4
12
2
2
1
5
4
8
17
5
7
5
6
16
3
2
6
5
1
1
6
14
21
3
3
5
1
6
12
1
2
9
1
1
5
2
36
1
10
1
31
4
3
5
4
15
1
1
2
1
3
25
3
3
1
10
11
10
8
14
7
12
2
1
1
5
26
2
21
17
13
5
1
31
2
3
8
4
16
2
16
4
11
1
1
3
4
5
7
9
1
2
6
4
2
2
6
1
6
1
15
9
1
1
8
7
12
1
1
10
15
1
7
8
4
4
4
1
9
31
1
1
7
1
1
1
10
10
1
5
1
5
1
7
4
3
5
4
1
12
1
1
22
8
12
3
1
18
1
1
5
2
21
7
3
3
54
7
1
10
3
1
2
1
2
4
8
1
1
9
1
21
9
17
4
1
5
2
6
1
1
2
6
5
6
3
1
4
2
11
16
10
8
2
11
3
14
3
1
18
3
18
13
24
1
2
1
9
9
3
12
2
8
1
6
2
1
11
6
13
2
12
18
18
3
3
5
3
6
6
1
2
5
1
11
3
12
2
16
1
6
1
1
14
2
1
2
7
11
2
1
2
12
12
5
3
4
5
3
9
2
11
1
13
1
2
5
1
30
15
1
2
1
5
3
2
5
31
11
1
2
5
9
12
20
10
19
4
3
1
1
6
17
6
1
2
7
5
15
5
3
1
15
1
33
6
18
10
7
5
2
8
1
3
2
5
1
2
10
1
5
1
3
15
3
1
1
1
8
5
1
2
15
1
2
3
8
2
1
2
1
1
4
4
1
4
1
4
5
15
6
11
1
5
7
11
2
1
13
10
1
2
11
1
23
8
7
5
5
3
1
9
5
2
1
13
2
1
3
2
15
1
6
15
2
4
1
1
2
9
1
1
3
11
8
1
10
2
2
3
7
33
3
3
2
24
5
4
12
10
1
1
3
19
1
4
9
8
2
2
4
8
4
1
4
4
2
9
1
3
4
1
6
7
31
7
24
4
2
2
2
5
5
8
4
5
3
34
1
1
9
2
11
1
3
2
21
9
32
9
1
4
3
6
13
8
1
2
2
2
1
47
1
7
10
13
8
5
12
10
4
2
21
1
16
3
9
1
3
5
7
2
20
1
7
1
1
3
23
1
27
2
2
2
1
4
6
7
3
1
1
10
7
4
17
2
6
8
2
5
3
3
2
3
2
5
2
1
5
3
1
4
4
8
3
13
12
5
3
8
1
1
7
1
11
2
2
1
6
1
1
6
3
5
1
5
36
1
4
2
2
1
4
1
1
1
4
2
57
3
2
1
2
4
3
1
1
8
25
1
7
2
5
2
1
1
1
3
4
1
7
14
10
5
1
25
6
5
6
2
1
5
1
4
1
6
2
20
8
8
1
6
13
19
13
1
6
5
3
7
1
12
2
5
3
1
15
4
1
5
1
3
1
12
4
2
3
9
4
3
18
7
1
2
1
4
3
1
6
3
3
1
6
1
6
1
1
4
1
7
2
1
1
7
9
2
2
16
9
1
2
23
1
3
3
2
9
3
12
8
1
4
13
18
2
1
1
16
2
1
2
4
2
1
7
1
23
1
1
1
7
1
2
5
7
21
13
2
1
8
7
1
26
7
3
9
5
2
2
20
3
5
4
7
3
11
7
6
2
3
8
1
4
4
3
22
2
1
1
1
2
10
1
18
2
12
2
2
1
2
2
1
3
3
33
1
10
1
3
9
6
5
14
1
6
5
1
2
11
1
23
3
2
4
2
2
3
4
2
3
1
8
1
7
2
9
3
2
4
13
2
1
1
3
10
6
5
1
1
12
1
11
15
1
1
2
3
1
2
2
1
3
8
3
2
2
6
2
10
17
1
13
4
1
4
6
12
2
12
17
1
2
1
2
15
3
1
2
11
12
3
1
4
2
33
1
3
1
17
1
4
3
2
2
7
9
2
1
34
1
28
1
1
5
7
7
6
9
1
1
2
4
2
6
1
2
1
1
4
3
1
14
12
4
16
15
6
4
1
4
6
1
3
5
1
1
36
8
7
1
18
5
1
4
7
22
1
6
1
6
1
5
5
26
24
1
1
1
18
3
1
1
12
3
1
4
16
7
11
1
1
12
2
1
3
14
5
5
19
10
14
5
2
4
1
8
1
13
11
1
6
1
4
1
1
7
1
8
3
20
20
3
1
7
2
3
1
5
1
1
3
2
23
4
7
1
6
4
1
2
1
4
4
21
2
3
2
1
10
34
9
3
11
1
5
1
7
1
24
1
1
19
6
8
3
8
18
2
2
4
4
16
4
1
38
2
13
28
4
5
2
1
4
7
4
3
3
1
22
2
13
18
2
1
2
6
4
6
1
5
5
1
6
18
16
6
1
8
9
7
1
2
3
13
1
1
6
5
4
7
2
24
4
5
4
2
9
1
6
1
3
1
8
13
3
1
3
1
4
12
2
4
13
2
2
1
5
3
1
2
14
1
2
1
4
8
2
2
12
7
1
19
2
31
3
1
10
8
34
1
3
1
2
4
4
1
4
4
1
1
15
1
7
5
1
28
20
2
3
2
7
4
1
2
1
1
1
9
1
2
6
1
7
10
1
13
16
1
2
15
2
1
1
18
8
17
1
7
1
2
9
8
3
12
6
2
14
1
21
5
1
9
5
11
7
5
1
2
3
5
10
1
21
2
2
7
1
2
3
1
7
1
12
14
33
2
12
4
3
18
3
5
1
9
11
1
3
7
1
1
1
8
5
2
1
10
2
3
11
1
15
2
6
3
2
5
24
2
5
7
1
1
16
2
4
5
1
10
14
1
3
3
7
1
1
4
12
1
1
2
4
15
2
4
5
1
2
5
1
1
1
12
2
1
7
2
3
1
5
1
1
1
8
7
16
4
2
2
4
3
5
3
4
3
2
7
21
2
2
6
2
8
4
3
5
4
1
5
22
4
4
11
7
5
9
5
6
1
10
1
10
64
2
15
1
2
12
7
2
5
1
1
1
2
1
3
13
11
1
17
3
2
1
3
10
4
13
2
3
9
8
6
1
4
6
14
8
2
1
3
1
1
15
1
1
30
9
48
5
9
8
2
1
2
29
3
13
15
2
1
7
8
21
8
2
4
1
9
2
2
35
14
1
4
9
7
3
15
12
7
26
33
1
1
20
13
6
5
6
12
12
21
7
17
1
9
4
5
3
3
9
5
5
6
15
1
1
16
1
2
1
1
1
1
19
1
3
1
6
2
1
1
6
3
13
2
3
2
5
7
1
2
11
1
16
15
6
2
4
4
5
2
1
4
11
4
8
11
1
5
8
3
2
1
3
6
1
3
1
1
1
3
7
12
1
8
1
1
16
7
1
12
5
5
5
17
6
1
5
5
26
2
5
3
10
1
4
2
1
11
5
1
10
2
2
2
3
5
1
17
7
3
1
1
3
2
1
3
7
10
4
1
3
11
9
1
1
2
5
13
7
6
3
19
3
4
30
1
2
2
7
7
7
6
3
1
1
2
5
5
7
9
5
8
1
1
7
7
1
8
4
9
13
3
12
2
2
4
2
8
2
2
1
6
1
7
4
2
10
4
4
5
14
11
13
1
2
2
2
4
4
1
6
13
2
1
8
16
2
10
3
5
2
7
15
10
4
3
6
1
30
2
7
21
26
2
3
4
1
7
6
1
2
6
12
26
5
2
7
13
7
2
16
30
2
1
12
12
6
2
5
1
5
7
1
11
6
8
1
16
24
2
1
3
34
6
2
31
13
2
3
3
7
2
3
29
2
2
12
1
4
1
10
2
3
1
3
8
6
4
7
36
4
8
2
1
2
5
1
2
13
3
1
1
8
18
8
18
4
2
8
3
9
1
7
1
7
1
6
2
14
2
4
17
6
1
2
1
15
1
14
1
1
2
4
6
1
2
1
1
1
6
4
3
8
1
4
2
6
1
1
15
1
10
2
2
1
2
4
4
7
11
5
6
1
2
1
1
4
1
1
11
4
1
7
4
29
1
6
12
1
2
1
1
29
1
1
6
13
1
3
4
2
2
1
5
2
6
2
16
8
13
2
6
1
2
11
14
10
3
2
1
9
1
1
1
1
4
1
17
11
2
3
2
4
1
2
1
1
3
2
7
6
1
16
1
1
11
3
16
14
11
1
8
2
5
3
1
4
1
13
5
4
1
7
10
5
1
4
3
2
17
19
5
7
39
1
2
19
3
2
11
1
9
18
2
1
1
25
17
7
21
8
1
1
8
2
7
7
5
11
1
2
4
2
7
1
1
14
1
4
5
3
1
14
5
12
17
2
3
14
2
1
4
11
1
2
4
4
6
1
5
1
7
5
8
2
2
6
27
1
4
2
2
2
2
2
4
10
2
1
4
2
5
2
5
1
2
35
2
1
2
16
10
1
1
2
6
12
2
2
6
1
3
3
3
15
1
1
8
4
2
1
6
1
1
1
17
3
4
5
2
9
2
1
4
3
34
1
16
1
6
1
2
3
5
10
4
2
1
9
5
3
7
5
18
1
1
1
1
10
32
8
5
26
1
17
3
15
6
1
2
3
1
1
9
1
4
19
2
1
1
1
4
4
2
1
2
5
1
1
14
1
1
35
3
3
1
3
13
1
6
19
1
1
1
17
1
1
7
1
9
25
2
1
8
2
20
2
1
1
1
2
2
1
10
1
9
1
21
10
12
2
7
5
4
3
4
10
2
20
2
2
9
6
9
2
9
7
2
1
1
4
2
2
6
7
6
1
1
14
1
7
19
2
1
2
5
3
3
5
33
1
2
1
3
1
16
1
3
4
1
5
2
8
3
6
11
6
2
14
12
5
10
6
2
18
8
5
11
8
3
11
1
4
6
1
15
3
5
7
6
5
4
12
1
16
1
1
2
7
11
5
1
1
1
5
5
5
5
1
8
3
3
1
1
5
1
10
5
7
13
24
7
2
5
5
5
1
12
2
1
2
3
2
10
1
10
10
40
1
12
1
2
1
1
6
2
3
2
15
2
1
15
1
1
9
4
3
2
5
28
2
7
3
7
2
17
4
7
14
4
11
11
3
9
18
5
1
3
3
1
20
3
1
3
4
2
16
2
2
4
3
1
6
7
9
3
6
10
1
8
1
2
4
1
8
4
9
2
7
5
7
9
4
9
3
11
1
2
7
3
7
4
1
4
1
1
2
2
1
2
4
18
6
3
1
1
2
4
1
4
32
2
2
6
5
3
18
10
11
1
14
2
1
4
11
46
3
5
8
3
6
5
9
5
14
20
5
8
6
4
6
3
4
5
7
5
4
4
4
15
36
2
14
1
8
1
13
5
1
2
29
15
5
17
10
3
3
4
20
1
22
5
7
2
2
2
1
6
10
2
9
1
24
1
7
2
2
7
4
42
2
1
2
1
1
6
4
1
13
1
7
2
16
1
4
2
4
5
1
1
4
3
1
21
9
4
2
20
31
1
8
4
16
2
1
4
2
3
1
11
5
4
15
3
3
5
1
1
3
10
1
5
6
15
5
7
9
14
13
1
6
3
1
3
3
5
2
2
2
13
61
1
1
8
1
3
1
6
1
11
6
2
3
20
1
2
1
7
3
2
1
1
3
7
1
2
10
5
5
22
1
12
15
1
2
11
4
1
5
5
1
1
2
3
21
4
1
4
21
1
4
2
20
8
3
12
2
1
1
1
3
16
1
1
1
1
11
6
1
4
2
3
1
1
1
20
2
2
22
8
14
1
1
3
8
5
2
4
1
8
1
1
2
1
1
7
5
17
1
1
1
2
5
8
1
14
14
15
8
1
1
1
2
1
10
2
4
24
1
5
2
21
1
1
8
3
1
12
1
1
20
14
3
22
3
2
6
6
22
1
1
9
4
1
1
20
9
1
7
1
1
13
13
9
1
1
7
2
2
2
7
1
1
1
1
16
2
18
7
1
2
2
2
3
6
1
5
1
6
1
9
8
5
4
7
1
2
1
2
5
4
1
11
1
1
2
2
1
1
5
2
3
2
13
4
1
10
1
8
1
14
2
1
2
6
10
22
2
1
26
10
9
7
7
39
1
1
14
2
29
11
4
4
19
1
16
2
30
11
33
1
5
2
1
32
4
1
1
2
1
1
1
4
15
2
1
1
1
2
2
2
20
3
13
4
5
28
2
3
1
1
2
1
1
1
4
1
17
6
5
8
1
7
1
1
1
1
2
3
2
2
2
2
10
4
6
1
11
2
15
3
2
7
13
5
17
12
6
7
1
3
12
1
5
4
7
17
2
7
11
15
9
7
14
1
5
1
1
1
1
13
9
15
8
4
4
2
3
3
2
7
7
1
2
2
4
7
3
15
3
4
2
3
1
14
1
3
5
1
2
6
3
1
1
3
11
1
6
10
1
3
4
8
1
2
12
6
1
2
9
3
4
10
7
2
32
7
3
3
6
2
1
9
2
8
1
8
1
4
22
2
3
4
4
4
3
1
2
1
10
8
19
23
31
1
2
1
1
2
1
4
5
10
1
1
4
1
10
27
3
1
2
1
9
1
20
7
16
5
1
10
8
2
2
2
5
8
1
1
12
1
4
34
1
2
17
1
2
3
3
10
3
5
3
3
2
9
3
2
1
2
3
5
1
17
5
1
1
1
5
2
1
2
36
14
16
2
6
4
2
1
17
1
3
3
3
2
1
2
3
10
2
3
2
4
1
1
4
14
13
9
20
1
14
1
5
2
2
2
6
7
5
14
1
3
3
5
20
1
1
11
2
19
2
4
2
7
2
18
2
9
1
3
13
1
16
15
5
1
1
3
1
1
21
2
5
2
14
3
1
3
5
1
7
2
1
15
10
4
3
1
1
19
21
17
2
3
3
2
1
3
8
1
13
4
2
4
1
1
4
6
2
6
1
19
4
7
1
7
8
1
7
1
23
1
2
1
7
4
2
1
6
7
6
1
2
7
3
1
3
3
16
1
7
1
1
1
11
1
66
4
1
2
35
1
46
12
2
4
1
7
5
2
3
3
11
12
8
8
2
23
4
3
9
1
1
8
6
6
15
1
3
2
2
12
12
3
37
1
2
2
4
1
9
4
13
1
14
3
4
1
1
3
3
1
1
3
9
11
1
1
3
2
2
3
3
1
1
2
2
1
4
5
1
2
1
2
56
2
1
8
5
2
3
1
2
2
12
2
6
22
2
4
1
9
2
3
18
6
2
7
18
1
18
1
1
7
9
4
5
9
1
17
11
1
14
3
3
1
1
9
10
40
17
7
1
2
1
1
5
3
7
1
25
10
1
6
1
4
12
1
1
2
14
2
1
1
9
7
4
3
1
3
6
1
1
1
6
13
2
4
2
22
22
22
3
1
2
4
4
2
4
12
1
1
3
9
2
7
4
3
1
2
40
2
5
7
27
1
2
1
11
2
26
10
1
9
7
2
19
3
12
3
1
1
3
22
19
3
13
12
4
1
2
10
7
15
14
1
13
10
1
1
1
1
1
3
6
2
8
10
1
1
6
5
1
5
13
14
4
2
6
17
26
1
1
6
2
1
8
5
2
2
1
1
2
2
1
16
2
4
1
1
47
9
1
6
10
10
19
3
29
2
4
5
10
1
14
7
7
3
4
15
16
1
10
1
2
1
19
1
2
1
4
2
4
1
1
5
3
2
13
8
2
2
6
9
1
4
15
2
5
2
1
1
12
1
4
43
1
2
16
20
6
10
1
2
2
4
16
11
1
1
1
3
11
1
7
16
16
1
1
4
7
1
7
1
1
4
8
8
3
17
2
25
1
1
23
1
2
4
2
2
2
3
15
19
2
4
16
6
12
3
1
9
1
3
27
1
2
8
1
8
9
1
11
1
4
5
3
9
17
12
7
1
16
2
2
3
2
6
5
1
1
1
6
4
5
6
5
1
3
19
1
2
8
2
1
8
6
1
2
2
1
1
1
2
3
1
2
1
1
10
9
3
1
3
7
6
11
1
2
1
28
26
2
1
1
20
9
8
1
5
1
7
5
1
1
1
1
1
1
11
25
14
7
1
3
4
10
2
16
1
2
6
1
1
21
2
4
4
6
4
1
1
1
4
3
2
7
6
2
4
18
1
1
14
2
7
13
1
17
1
3
3
4
1
7
7
1
5
3
1
22
12
11
13
14
1
17
1
1
2
1
1
20
10
6
1
1
1
11
1
9
6
1
6
5
6
1
3
7
1
12
28
1
9
1
3
10
1
2
1
1
12
1
1
3
1
12
1
2
9
1
4
9
1
9
2
7
1
6
2
45
1
1
3
1
1
2
1
1
13
5
2
7
1
3
57
1
7
3
4
1
1
1
16
2
7
1
1
6
6
1
1
13
4
2
9
27
5
10
3
2
2
19
1
5
5
7
7
7
11
3
1
1
1
32
1
6
1
2
1
3
1
4
1
2
12
1
6
5
1
10
26
9
5
2
1
4
13
2
11
2
6
6
34
1
2
2
8
7
3
1
7
13
18
3
35
1
9
6
11
2
22
5
2
1
5
1
9
13
2
1
5
3
3
13
30
9
2
23
2
13
3
1
6
6
1
1
5
7
5
6
1
13
7
1
5
6
4
1
7
1
13
5
3
4
2
5
3
2
3
1
13
7
1
3
16
5
17
8
3
2
1
19
5
9
1
4
1
1
1
2
1
4
1
7
11
5
3
17
1
2
5
9
4
1
1
1
4
1
15
2
1
4
2
2
1
8
3
2
2
1
1
1
10
2
6
6
1
7
2
11
9
35
5
7
42
12
9
8
2
2
2
1
25
1
7
38
2
3
4
3
2
12
3
1
10
2
1
14
21
12
1
5
1
10
3
2
6
8
7
1
2
1
6
17
7
2
2
11
1
2
5
5
12
12
1
2
1
11
22
7
12
10
4
6
1
8
1
7
12
9
1
6
3
8
7
5
5
1
2
1
1
5
1
12
1
2
1
1
4
3
19
11
2
7
1
6
4
5
15
1
1
2
6
2
4
3
8
2
1
8
2
6
1
4
7
3
9
5
1
3
1
1
3
7
3
9
2
1
6
3
1
2
1
4
1
3
2
3
6
10
1
1
9
10
3
76
11
1
2
8
1
19
2
4
18
2
24
1
2
3
1
2
6
1
1
4
1
1
14
3
1
2
10
10
11
1
8
13
2
1
3
1
6
7
1
1
2
13
16
6
3
2
4
8
7
1
1
5
1
1
2
6
11
12
3
2
1
5
25
11
8
6
7
17
4
1
1
11
28
1
2
10
1
1
1
2
1
1
1
32
9
1
2
1
14
13
1
1
7
8
2
1
3
4
1
5
23
2
2
7
13
18
1
3
1
8
22
1
9
14
1
2
38
1
1
3
11
1
5
3
9
1
16
1
11
5
2
1
2
4
18
8
15
20
7
4
2
18
1
63
7
6
6
4
5
5
1
3
8
5
1
18
2
1
3
1
1
1
14
12
2
2
1
5
2
2
4
1
10
3
1
3
2
2
1
6
5
1
7
16
1
3
2
1
26
9
20
18
1
4
2
2
1
13
12
7
1
8
3
3
7
6
3
5
1
2
13
11
1
3
37
5
1
4
5
6
9
1
26
3
16
10
3
1
2
9
1
7
6
2
3
6
3
3
6
9
6
1
6
2
1
1
1
21
10
11
3
1
1
15
2
1
1
10
4
1
4
1
19
1
1
6
18
2
2
1
6
3
3
3
3
2
33
2
3
14
7
1
7
2
1
1
1
2
1
1
6
1
19
1
1
1
15
3
3
1
3
31
2
11
6
1
2
1
11
3
18
8
6
4
5
10
12
2
7
6
1
4
19
2
4
1
10
1
1
1
7
1
2
10
12
2
3
2
1
1
6
5
6
2
1
1
3
12
10
2
19
2
1
11
1
5
4
1
1
3
13
6
7
1
1
2
1
1
1
3
1
2
8
14
6
16
2
16
24
6
2
1
1
1
10
8
1
1
2
1
2
1
1
2
3
13
1
1
4
13
1
30
10
2
1
1
4
7
1
13
2
3
7
1
9
15
1
1
2
6
2
2
1
2
2
3
4
1
16
3
2
12
1
3
7
2
3
10
3
20
1
1
2
2
17
6
2
1
1
1
6
2
5
5
4
2
38
7
1
2
13
1
4
5
3
10
5
21
3
17
2
1
1
3
4
2
2
1
1
4
1
4
30
12
1
1
11
14
9
1
2
1
5
8
1
1
5
14
1
12
10
9
10
9
2
6
1
5
4
1
2
1
3
12
3
6
4
1
13
2
1
2
8
2
1
5
18
8
23
2
1
2
3
25
15
9
8
1
2
8
3
12
3
1
4
4
13
1
10
7
1
1
11
9
2
1
1
1
3
38
9
5
6
2
10
4
2
3
1
3
7
25
3
1
6
14
3
2
32
1
1
10
2
2
1
3
3
3
1
4
3
12
12
11
1
1
14
3
8
1
7
1
2
1
21
1
1
14
17
1
4
2
8
1
7
7
2
10
6
2
1
1
2
4
4
1
19
6
5
24
10
6
18
10
8
1
2
6
4
1
10
2
26
1
1
1
1
11
1
13
46
9
7
1
2
8
9
1
3
7
9
7
18
10
4
6
6
8
8
2
13
8
1
2
5
10
3
70
6
25
21
46
5
1
3
1
3
17
1
1
1
6
4
1
1
28
23
4
1
4
4
3
3
1
3
8
3
17
1
10
19
1
5
2
4
14
19
3
1
21
3
16
2
1
17
1
1
13
1
6
3
7
3
23
10
1
1
4
22
6
3
1
4
3
11
2
3
1
5
10
1
6
21
4
17
1
15
15
12
13
4
1
2
17
1
2
3
5
7
10
7
4
5
3
1
14
3
8
7
21
4
3
13
2
1
5
24
6
1
1
3
1
1
4
4
10
10
29
1
1
1
4
1
15
2
3
10
3
3
23
3
1
5
26
3
9
1
9
5
2
26
2
2
6
1
4
5
2
4
5
8
8
2
9
1
30
1
5
6
1
12
6
7
2
9
17
7
1
6
5
5
3
8
1
6
1
7
2
5
1
1
1
1
4
5
1
1
10
3
2
1
5
7
3
1
10
4
11
1
1
1
8
6
4
19
20
2
1
1
8
2
7
36
4
2
2
5
27
3
7
2
2
1
4
1
2
2
7
1
1
2
6
10
10
1
4
2
23
1
12
9
1
6
1
30
16
3
1
2
3
1
8
1
2
1
1
5
8
3
1
10
5
1
3
12
11
18
17
2
27
2
2
4
34
3
7
1
1
1
5
1
2
1
1
3
2
1
10
2
4
4
1
4
16
1
17
4
2
1
4
2
1
7
3
4
1
5
5
2
2
1
1
11
12
7
8
1
1
1
1
2
5
15
3
24
2
5
1
1
28
2
29
5
7
7
8
11
1
7
3
9
2
6
3
12
7
5
9
5
9
22
5
24
3
5
6
2
1
3
1
2
1
3
11
1
8
1
5
4
6
25
2
16
13
22
5
8
11
1
6
21
2
36
51
10
3
6
2
12
1
2
20
6
7
1
2
1
8
2
9
1
23
7
13
9
2
3
1
3
5
4
3
3
15
3
13
7
3
3
1
10
2
3
3
2
1
1
2
2
1
2
48
2
5
5
1
1
2
11
1
7
1
3
1
1
1
3
1
15
5
4
1
1
26
1
1
1
1
1
4
1
18
2
7
1
2
1
3
1
3
4
13
2
2
1
1
2
45
3
2
4
1
1
1
1
1
4
2
8
1
2
7
2
13
2
1
7
14
12
2
1
5
5
4
1
2
1
1
4
2
17
2
20
1
1
1
26
3
1
1
3
2
14
1
2
3
4
8
8
4
2
6
2
1
16
2
2
12
1
1
6
1
8
1
2
5
4
4
2
12
21
1
1
6
1
5
4
3
13
15
3
3
2
1
19
4
1
1
7
20
2
2
1
28
6
2
7
1
1
1
5
34
3
3
3
22
5
14
4
9
1
1
1
6
4
3
3
3
7
1
8
12
17
25
2
2
3
3
1
3
8
2
5
3
1
3
26
5
1
9
7
13
1
9
1
1
5
1
3
5
3
1
1
2
3
1
1
1
16
8
7
1
10
4
4
21
4
1
12
2
1
3
1
24
1
10
12
6
1
7
2
5
7
1
14
1
1
7
1
2
13
1
2
1
1
12
1
2
13
5
9
1
2
2
1
8
2
4
5
16
3
4
20
2
7
2
3
21
2
13
18
15
1
1
5
13
1
7
1
6
15
6
9
1
3
4
4
2
2
1
9
1
1
6
3
4
8
16
15
23
7
2
8
3
1
1
13
1
1
2
8
4
1
4
2
7
1
6
11
18
7
3
9
2
1
1
1
9
9
1
1
4
5
2
7
5
2
1
3
1
12
1
1
1
16
3
4
1
26
7
2
1
1
1
2
2
1
40
9
1
16
24
2
3
3
5
13
9
3
1
5
4
1
1
9
12
1
6
8
4
8
7
13
2
1
2
7
1
9
4
4
1
1
5
7
1
7
1
1
2
2
4
1
3
4
3
5
4
1
3
31
6
9
1
20
3
1
14
2
1
3
7
1
1
1
9
1
2
2
4
5
4
2
1
9
2
2
1
5
1
1
4
2
2
11
5
10
1
1
1
2
4
1
5
6
5
1
12
1
16
11
10
6
15
8
2
2
3
4
11
1
12
5
11
8
1
1
1
1
1
4
8
8
2
4
5
2
4
3
3
6
2
12
13
60
9
44
11
5
8
13
2
16
2
14
4
1
1
20
2
5
5
4
1
2
10
4
4
9
1
1
2
26
1
6
4
11
6
1
10
1
1
7
2
1
1
2
6
10
17
2
9
2
1
2
1
7
1
4
4
1
16
17
17
6
1
1
5
1
1
25
2
1
4
8
1
6
1
3
1
1
5
4
6
1
25
4
2
1
1
9
8
2
16
7
1
1
12
2
12
1
2
1
2
8
1
3
3
8
2
19
1
11
10
1
1
4
11
13
1
6
15
2
1
6
4
1
22
4
3
1
7
4
1
15
2
15
1
6
1
1
2
2
25
1
13
38
4
26
5
18
5
20
1
13
4
1
3
4
1
2
6
22
2
4
12
9
1
5
12
1
2
9
1
6
10
17
2
1
1
1
1
1
6
9
5
6
5
1
1
1
1
7
5
2
4
8
11
13
9
3
3
1
2
14
6
3
7
21
10
1
3
12
16
1
7
1
1
1
1
35
1
8
1
2
21
1
1
9
22
5
1
7
1
2
1
7
38
3
5
1
10
4
7
1
4
26
5
1
10
2
1
1
2
23
15
2
9
9
1
1
1
9
1
1
11
21
1
16
14
1
4
7
2
2
6
4
3
1
11
20
9
13
2
1
11
4
8
1
38
2
2
1
2
16
6
4
10
20
2
4
22
5
11
4
1
4
1
5
3
3
1
2
16
10
14
1
8
3
2
8
1
14
6
2
27
2
2
4
3
3
17
1
11
4
1
11
2
4
21
14
2
3
3
5
4
6
1
1
2
10
4
4
7
10
2
2
3
2
1
16
3
1
14
15
10
1
1
4
2
1
4
1
5
5
9
1
11
2
3
18
1
4
1
9
1
1
1
2
3
5
3
9
9
7
1
5
11
1
2
1
1
4
14
3
2
1
2
2
1
2
15
20
20
17
8
5
2
40
2
2
2
5
2
13
1
17
1
1
11
2
2
7
1
3
1
1
4
2
6
9
11
1
3
11
1
2
9
4
1
13
1
1
2
1
2
4
8
20
2
1
25
1
14
27
1
2
5
1
2
1
3
5
3
12
4
8
9
5
3
1
3
3
1
11
1
9
5
1
3
5
18
1
3
1
6
2
18
3
8
2
1
1
8
3
3
7
11
4
6
1
1
6
5
11
12
8
9
2
3
1
4
6
8
1
1
9
15
2
2
14
6
1
8
2
2
16
1
3
3
3
4
4
2
2
9
4
8
6
6
6
3
2
2
2
2
1
5
3
4
7
6
1
29
5
2
7
1
1
5
2
14
8
1
7
2
4
14
16
1
1
4
24
1
2
2
4
17
2
6
1
1
7
16
3
1
4
20
6
11
15
8
3
1
5
15
2
2
4
4
3
13
8
2
2
25
1
1
2
1
5
1
27
12
2
1
2
8
4
2
1
5
3
5
2
3
1
5
11
1
1
1
2
25
7
3
1
1
4
4
3
4
3
3
33
4
12
1
1
3
3
9
1
9
9
4
2
1
5
10
1
1
10
1
6
3
6
1
1
1
4
1
9
2
14
1
1
6
7
3
6
12
1
27
3
1
21
47
14
1
1
6
1
1
1
2
1
1
2
2
2
2
9
15
5
1
12
5
11
3
20
1
1
2
6
13
2
1
15
1
1
1
2
1
9
3
4
3
4
3
2
23
4
4
2
1
2
23
1
37
4
2
2
9
1
2
1
12
9
5
7
11
21
43
17
22
1
6
1
5
11
1
1
4
6
3
1
3
4
5
2
6
1
1
2
1
8
11
8
6
2
6
1
1
1
1
1
2
6
7
16
6
5
6
6
14
6
7
11
1
4
1
3
1
3
5
4
2
11
2
2
1
8
1
5
1
13
33
10
25
1
7
2
1
2
4
5
1
1
1
1
5
9
2
1
1
27
1
3
2
13
1
2
14
2
12
2
8
8
10
20
1
3
1
18
1
4
3
2
1
2
2
16
4
3
18
7
1
4
1
12
1
16
2
1
2
4
4
8
2
19
8
29
2
3
1
4
3
2
2
4
1
5
14
1
33
13
4
8
6
1
6
6
2
1
19
3
16
34
3
8
12
14
5
1
2
1
1
1
10
1
2
2
6
11
1
4
11
5
2
2
5
2
7
3
27
1
2
2
1
8
9
2
11
1
1
8
16
3
2
2
1
2
13
1
3
5
17
5
2
1
17
5
48
2
1
2
11
3
7
6
4
3
1
1
1
1
1
3
10
1
2
2
8
9
3
11
1
1
5
1
2
2
1
2
3
5
1
1
6
2
9
7
2
1
2
4
10
13
5
1
5
12
8
5
3
2
6
5
5
1
2
5
2
3
2
1
2
2
1
11
5
2
5
12
6
5
1
7
1
1
11
1
4
2
5
1
2
2
30
9
1
14
1
23
4
8
1
3
1
1
1
14
1
4
1
1
12
1
4
16
1
18
1
